data/gpw_v4_population_count_rev11_2020_1_deg.asc
ncols         360
nrows         180
xllcorner     -180
yllcorner     -90
cellsize      1
NODATA_value  -9999
[rows 32 to 63 of 180, columns 216 to 287 of 360]
51916.88 87365.05 258050 668502.3 472157.2 281473.2 148369.6 33112.52 41460.17 56118.47 66525.41 44682.39 56750.73 55557.54 31396.37 34798.92 69517.86 139576.6 93836.72 460127.3 553808.3 92476.32 118155.8 359405.4 240281.9 221258 89406.37 72132.41 43684.68 702586.5 38946.22 20245.73 11390.81 10916.94 11250.58 9847.335 8462.225 15246.73 18601.43 13060.78 3182.155 2829.238 2834.193 4899.169 4152.84 7342.01 9282.804 15138.42 22661.36 32499.56 9122.595 6187.632 4029.854 5003.739 4969.677 5992.967 10995.67 12910.8 8222.093 8809.192 9817.579 10149.18 14674.19 8346.199 6381.793 3189.25 43284.84 11644.54 10974.07 7751.533 9527.276 4111.445
346276.5 882024.6 577572.8 184331.1 584941.3 438149.3 151722.1 1449426 427431.3 66391.39 88716.83 867955.9 195596.6 139580.4 135051 113527.3 177332.7 828632.8 290601.8 94302.24 83856.75 94336.64 68526.41 164621.2 1582290 323252.9 137627.6 122369.2 42494.35 76653.16 109591.2 42960.21 40103.2 102504.3 28192.64 17257.5 14991.61 18836.68 29082.31 20120.37 12037.27 12124.4 6543.208 6759 5523.296 6109.934 8487.345 29938.12 369265.5 425149.2 89003.43 42789.47 36898.24 35312.44 168170.8 21987.14 478737.9 297267.6 97392.86 121725.3 27272.88 24815.01 15511 8956.787 10440.89 237333.6 10649.54 15302.52 15471.13 9854.507 9531.361 3546.073
767608.3 1.585716e+07 1896572 392222.4 162983.6 140466.5 274193.3 254087.6 139968.8 107285.1 177618.4 291690.3 480871.4 1083989 162275.3 435576.3 717310.8 126339.2 153937.9 151877.4 86937.92 87005.29 97723.18 206993.7 285252.5 1257100 58036.3 46865.46 59846.84 344521.8 32500.21 28109.28 51814.47 114161.5 28577.77 44169.75 54655.31 455197.6 51432.4 40212.27 31848.42 41426.39 48181.59 20678.14 15503.92 27597.18 634092.3 233715.4 143397.6 208753.9 469982.9 25001.4 31911.08 80741.82 47511.72 19128.84 354160.8 54780.3 49391.73 17626.86 22819.68 18630.77 13234.02 9152.746 11552.8 11362.24 11512.71 7006.267 4902.778 4590.229 3918.016 3683.182
489947.3 936778.7 429948.6 656583.1 92587.01 124097.7 90624.04 186244.5 135369.7 438654.2 135259.5 121358.9 716143.8 196964.1 136369.7 149291.7 301536.4 346050 203107.1 471607.5 893626.7 97562.44 131077.6 195697 149338.3 312303.7 44774.78 30727.09 39556.84 26482.64 19829.97 22992.69 84331.04 84069.3 24437.46 59180.13 71016.35 797850 73160.49 37463.43 25184.3 33438.91 34747.85 29742.76 31241.14 45008.5 436404.5 687365.3 53768.96 127458.6 340312.5 32112.63 39398.36 31904.37 28574.37 26499.35 14796.98 14125.95 13025.34 10967.16 9742.337 11277.85 9970.434 9972.572 54728.02 19988.82 48040.68 5030.63 3287.049 3130.214 3594.103 3708.94
178833.8 195266.4 288268.3 154912.8 118697.6 115955.8 90357.35 120804.1 327396 479475.6 188804.4 96168.25 292371.4 1115266 1212355 160552 136639.1 74294.08 91008.78 495562.4 195471.5 55333.39 231559.6 304257.4 71424.68 36350.89 55756.45 245896.8 60536.41 20875.66 18030.7 23828.51 45045.8 113848.7 46628.83 11903.17 9113.876 15678.47 24586.71 13416.46 16108.61 33119.32 57712.81 43909.23 33770.63 77385.16 61116.03 757198.1 96475.18 40250.35 303890.2 627420.2 75135.69 37145.51 37047.59 388380.9 21253.99 11386.06 10977.3 8089.874 5306.719 5495.205 8238.192 9760.819 14147.1 19535 61653.02 89654.47 28701.51 19855.44 5859.622 3228.413
351130 143481 245784 695874 225601.1 469492.9 110086.5 126190.4 121847.7 97179.77 98642.45 141981.9 112575.5 148608.5 96367.05 62934.25 134619.8 73815.77 51388.52 142709.3 77802.8 35042.69 130764.6 35875.71 47219.48 25814.82 45338.12 110841 30716.6 13204.46 20543.51 20076.56 28253.44 82038.83 43575.18 12782.36 11446.17 9609.806 29664.29 28882.95 138076.6 255013.8 67533.21 48809.23 49798.35 52998.67 73568.2 44358.85 121498.1 208071.1 27612.62 20337.82 24019.8 10794.89 38927.16 41095.71 11018.97 8957.214 12145.39 6404.56 1028.884 1037.626 1546.599 1508.19 2894.576 10914.25 25626.16 355933.6 617289.8 38107.9 14088.68 13574.1
527750.5 319037.2 288813.4 1224926 154274.5 131864.2 198331 133369.3 77497.3 708757.6 513548.1 190514.2 96489.13 52607.57 129226.5 146674.4 83637.17 53810.03 74746.21 582658.8 53232.37 79218.31 371848.1 58986.66 33758.38 21252.06 6947.69 11103.22 6711.578 11486.99 11793.83 10674.65 25717.62 23036.57 252015.4 529167.3 74101.59 15425.7 49055.86 37272.31 29925.19 37063.15 11798.2 25501.02 33300.54 194721.7 44325.75 24435.34 33161.16 92266.8 41567.77 7795.963 6012.248 9586.441 26721.91 16951.29 19733.17 19779.99 130659.6 6348.739 3103.26 2885.107 2735.845 3041.254 3392.35 6454.065 14165.57 53925.46 37094.76 31179.15 54186.35 450431.3
1463089 243163.8 216477.6 231762.1 181972.4 108410.4 100817.3 126587.5 76751.42 202368.7 62298.73 45195.68 43578.55 23799.58 47625.02 34373.96 16099.53 19885.03 20787.22 18489.17 89347.49 529571.3 23572.72 23709.66 9584.721 5766.477 3773.657 2824.13 3323.085 4388.435 10549.54 11215.06 11583.18 4813.281 111981.7 401497 68427.3 130377.3 216733.2 16548.19 7644.885 11417.06 20887.13 61327.91 72603.75 88704.42 83797.39 79590.79 30007.5 11470.06 10322.72 7126.193 5495.654 7810.611 10334.31 13744.58 14172.44 8845.63 9526.59 7519.316 4475.983 1569.845 3936.546 4916.564 5467.469 2882.646 7905.808 12560.26 17752.69 21113.26 62541.07 38205.69
1136172 251367.1 195264 145783.3 124580.2 68322.01 49016.71 86801.44 66140.68 68564.29 29238.39 13348.97 12797.8 10541.92 9371.808 10704.68 10183.46 10794.76 11522.68 14318.55 24959.54 24159.7 19035.29 11106.18 3682.294 3379.6 2984.99 2436.02 2660.437 4304.27 9422.62 10746.61 3388.051 2948.976 3197 16017.54 138380.4 224596.9 100848.8 9870.65 17249.76 86639.3 68013.41 22429 17505.77 49089.63 189325.2 80973.45 30623.7 14069.51 10731.07 6855.56 8458.289 15365.72 7239.307 14420.11 5236.997 3365.103 4100.608 5835.39 3650.775 4187.969 5671.558 7780.012 44149.33 11113.69 6520.303 3942.875 85890.16 81860.5 39983.57 7050.518
264448.7 1470692 1728055 1043632 321356.3 113723.3 66066.08 89483.74 1405988 70226.38 68228.07 11268.03 8078.307 8980.582 13159.5 17711.84 14499.95 10506.5 10034.39 5367.163 8291.905 16841.83 12348.32 7563.716 4057.529 3093.269 2542.384 2333.067 7098.192 9624.824 10456.5 10478.9 10042.87 7124.511 5527.53 5955.694 4863.254 4694.93 11030.02 14776.37 14825.68 30123.59 21164.34 7774.06 10531.94 12303.83 14342.63 9156.458 8508.892 14951.96 58914.62 16772.31 31207.51 30529.86 9341.924 14370.88 3870.98 2041.604 2417.003 3061.885 2661.804 3999.22 7920.377 9914.737 9418.369 9771.003 8080.116 15201.35 37278.56 14377.86 581542.9 149825.4
173899.6 1365523 649176.7 1579985 662592.4 156190.8 234402.4 58782.85 24876.06 19871.53 40256.87 40436.6 33162.45 20203.46 16308.62 53026.56 132597.9 27726.83 19323.49 3363.163 2682.031 4006.533 6217.18 5734.001 6404.644 11813.15 6651.132 6718.465 10124.94 10662.15 10682.39 10597.12 10568.24 7149.561 6062.787 5612.509 4822.342 6424.564 12076.38 17480.92 17425.03 13305.01 12855.7 12206.86 19161.97 18098.94 15355.82 19405.7 18064.24 44760.4 77346.87 163569.7 89528.18 27205.43 13675.01 24510.04 5276.073 2957.896 2176.389 2457.751 14882.56 2558.399 3684.601 5109.39 6873.06 25493.1 14627.9 11799.1 8508.266 5286.543 754415.3 292029.6
155464.6 36209.95 267006.3 303221.1 196084.4 175310.1 83957.68 40585.34 126372.7 11427.98 24408.03 243785.1 476856.8 19277.31 2281.733 43235.92 66792.57 17780.59 21859.77 16318.04 6372.166 3194.762 5749.834 8558.237 10063.14 13355.91 16577.54 37407.26 13695.22 10660.05 10807.26 10861.76 9934.813 6211.129 6183.549 5312.256 4870.735 8246.276 7413.884 8100.543 13464.63 14897.66 14830.16 18815.77 18046.08 16334.66 162744.7 360572.5 62494.47 42929.78 25574.79 40370.7 24326.21 38918.68 55769.61 6996.332 4161.024 3934.244 2922.134 6078.502 12575.45 3134.033 3445.783 5330.809 31724.15 12871.04 38147.79 10167.3 6584.261 4727.267 2759.404 2131.561
217785 319116.7 803692.8 924508.9 543453.5 583058.7 316151.4 129489.4 54975.27 21538.08 25382.22 55501.73 27170.29 1.82374 199.6375 7620.503 2477.519 15054.19 15689.16 20760.15 25190.27 38967.59 35906.39 14212.98 11619.32 16089.69 19440.71 47977.21 25336.68 99969.59 12893.26 14016.14 12274.47 10644.78 9412.836 7539.047 5232.276 3737.554 6040.205 7302.332 14247.72 20919.12 89527.56 25735.87 21743.16 60332.24 48305.37 68296.43 415740.4 122900.8 10755.07 322.0847 1581.993 2888.843 8285.264 5938.766 1753.869 1811.4 1764.095 2628.286 2623.244 2725.655 3505.116 3038.226 3664.537 6033.877 4243.761 5023.496 3170.236 3663.658 9819.813 1983.029
-9999 430806 364802.8 511146.1 395536 652063.7 632686.8 647253.4 211672.8 92628.2 66192.39 17158.15 -9999 2.971427 9006.767 12455.28 6243.941 5566.114 15576.81 13145.01 108899.2 108920.6 69709.21 23306.69 37874.77 21907.33 28723.73 32772.84 12413.46 199892.3 22098.53 23523.29 12695.64 11975.97 14485.53 10998.5 5328.923 6673.524 41499.2 53601.43 177448.2 97830.32 126296.4 135412.6 316761.3 236796.1 273821.1 51535.11 555499.4 626558.1 833751.5 756444.5 99507.4 132510.8 16726.97 5659.809 1733.208 2827.059 833.7622 682.7885 1270.961 625.8582 1124.171 1864.444 2969.882 2985.597 3753.157 3093.012 2541.845 3265.463 1914.186 1335.833
-9999 -9999 -9999 252536.9 318457.8 216271.8 320446.2 662293 780798.7 1051437 978402.6 617329.6 -9999 -9999 66.58564 408830.5 21287.71 26558.04 32524.2 26865.3 110797 110797 109250.5 109848.1 110081.2 97563.49 66032.56 59589.01 54102.71 42679.38 27886.38 70680.05 338768 40672.19 89561.61 288344.9 86662.22 81439.85 182400.6 91976.79 1980701 511993.3 223803.3 73894.71 145593.2 1126778 384947 242416.2 24921.75 20050.96 65407.06 4161190 76006.41 233159.7 97847.94 26908.52 102600.7 97820.02 26260.77 4822.372 1054.483 686.8847 1024.721 1403.708 1868.489 1916.7 2200.277 2242.519 26148.63 6454.368 6008.684 4911.181
-9999 -9999 -9999 -9999 776.4701 250168.6 460503.6 206026.5 405660.1 224204.3 397131.5 1020814 251242.7 -9999 -9999 864.6107 17425.39 35018.71 40477.11 34549.57 112612.4 108146.5 201076.3 163176.1 112888 110344 80522.45 78422.48 78427.67 77247.81 34414.5 42331.84 76970.63 1466011 441413.1 326406 156209 128625.4 1378694 239155.5 182115.2 72909.39 157616.2 67098.22 62265.58 60368.86 26147.04 12780.14 23797.64 43587.74 356864.1 46280.73 105364.6 334485.8 91820.87 0 17207.67 361484 18657.25 4198.363 554.0801 1785.604 4551.136 929.4123 3649.909 5049.448 5153.766 1740.223 1656.783 1764.346 3895.949 10203.8
947338.2 138288.7 5006.85 74586.92 94564.75 425455.3 223168.2 203157.6 1538884 614053.5 446035.3 371391.9 683013 27917.39 -9999 -9999 10628.77 817.5347 48432.07 47472.66 128297.8 194227.5 264455.7 264563.3 1208814 474356.3 204320 81302.22 79625.11 79588.86 107384.9 180193.9 385625.8 3601365 1448872 1043223 597061.7 335864.8 58476.11 77975.58 57124.62 47164.02 50688.66 236114.5 606928.9 175344.8 781160.3 214268.3 112654.3 98491.65 691344.6 22700.67 2626.405 17781.6 0 0 0 300.3467 10259.22 7242.463 2213.52 594.1216 25.81568 2151.971 4947.506 4831.517 8767.846 928.9437 1264.158 7869.058 27479.29 153172.5
544741.6 531698.5 396275.9 602860.8 304361.8 203296.4 183020.8 454237 1922410 527410.3 1035285 941102.4 562592.9 2872199 313873.2 -9999 12096.82 47630.29 54654.96 68068.95 90019.94 253902.2 248470.3 267896.9 212111.4 190580.2 701798.1 423479.7 363333.1 196920 1034629 565037.7 1456190 1911420 2366979 3780200 3457836 650159.1 97638.13 20902.52 36284.48 15076.15 52130.22 119449.3 433605.5 187138.3 25351.62 4724.152 1098.189 687.1478 6024.013 8055.26 2840.686 3156.707 0 0 0 1965.946 138873 98458.07 97405.99 72824.01 81743 39496.15 1849.266 118.9133 913.5311 1656.758 1730.611 5496.944 171594.4 726048.1
340242.8 210378.8 41444.01 196614.1 157008.8 345092.8 317361.5 621237.6 491789.7 467508 502569.4 640216.3 999346.5 201953.5 -9999 -9999 439.9619 33936.54 69049.46 68974.45 76707.22 135162.4 135169.8 138311.1 189985 205409.1 221352.7 365599.2 466801.9 1407008 1794152 1200153 500385.6 415936.8 233930.5 149883.6 125196.3 70798.64 72087.22 945466 1345566 397047.8 245428.4 85589.7 0 0 0 0 0 0 76.10418 4156.136 10118.19 2882.382 1432.48 1.688478 2271.113 6827.284 61293.64 11428.32 9319.082 76999.1 751841.8 190173.7 196984.5 10650.44 11583.05 31470.7 3606.46 35368.53 1163634 138346.5
171148.3 232798.5 737414.1 715688.9 676443.6 467246.5 312899.8 769676.4 605582.4 677281.8 1402347 392286.5 1340487 2983.197 -9999 -9999 -9999 8451.044 70035.76 89240.05 175669.4 180354.9 137002 136842.1 183956.4 242508.9 215896.3 197629.3 323017.6 768951.8 1051962 1240789 2726496 931655.7 307298.1 78516.31 23554.23 3771.636 10732.94 57647.32 321308.5 1317621 1263.49 0 33558.24 18198.08 489.902 543.3462 5.488667 56399.46 5618.261 6613.82 15317.03 1538.656 3964.66 15573.9 4422.81 573.3394 3837.137 4957.006 82.62019 2186.782 4507.805 33863.7 679945.4 268219.2 635384.3 170691.3 11348.69 181096.8 3162959 125287.6
1131308 1952329 1083639 1039840 992173 1297464 1592754 829839.1 1216991 817363.2 1368365 313050.7 517092.9 1655632 316604.5 -9999 -9999 6814.671 361012.2 515866 172447.2 472285.8 1792130 148284.5 148504.3 236718.2 246671 220621 219889.5 208819.8 568487.5 1013972 1701347 1474929 641617.5 137796.1 53032.82 8983.896 13486.12 32957.65 86305.69 439948.9 265685.2 1124566 332360.3 52767.35 22688.1 6581.593 7493.069 3883.555 2466.849 93.76156 8.991729 62.63371 1790.029 14630.14 7927.994 868.6714 1010.696 8445.946 9838.746 96289.18 43382.74 40173.39 52416.95 329405.5 935536.4 388716.3 223132.3 908940.9 859273.4 403234.1
2395651 5520061 1188332 631159.1 787119.9 773470.6 2445855 1788664 1741744 860117.6 634031.3 258942.4 546024.4 768923.6 1019148 1132257 1527876 851476.3 969331.6 160519.7 84221.71 223278.5 445979.8 2146999 738078.3 211372.5 249619.9 246630.4 366526.6 490735.6 827509.7 790685.1 929639.8 974832.8 460976.3 226910.3 223949.8 133017.3 132080.9 65687.41 5250.496 3273.679 12540 99857.76 101966.2 276153.7 30062.89 3592.537 1331.652 45.4686 0 0 0 0 0 1009.079 1854.844 1538.636 266316.7 27901.66 6530.403 64170.11 51451.65 32963.78 120848.5 2870242 1124610 3417215 1025696 749658 627005.8 424643.6
3516297 547380.3 408507.3 576809.1 499765.7 200712.7 480655.8 1437470 1864425 1661148 836236.1 383928.9 449442.6 443625.3 2440797 1.261037e+07 340731.1 117742.5 63087.18 48128.42 58260.19 113661.5 427907.9 730411.3 790968.3 244205 322342.9 314792.9 580488.6 333654.3 324746.8 236085.6 430941.9 882191 165816.4 816871.8 2586759 615398.9 275911 156279.2 89227.85 16446.63 1448.952 1926.789 736.8879 4148.691 1230.627 0 0 0 0 0 0 0 0 0 155.8493 2708.164 13400.88 2013.656 10462.95 12691.19 12933.81 48523.75 182103.5 170611.5 722083.9 2387425 1379769 1543806 1545900 1796312
3333479 192758.2 43995.2 103257.1 603113 233918.7 237809.6 680684 670078.5 525737.2 866036.1 946081.6 1285131 704484.4 901093.8 847350.3 100347.1 65537.49 48644.04 40023.68 30863.43 49370.34 96424.48 142625 185141.2 278473.8 1355484 374585.5 156036.4 221845.9 330587.6 369523.3 907169.7 5330783 2194303 8177718 8034788 4399459 4005898 1016572 150091.8 23615.47 15922.31 1170.866 1518.823 37.1502 0 0 0 0 0 0 0 0 0 0 2125.705 2443.366 7752.92 32532.16 11507.23 5684.996 5405.115 24299.22 77519.77 69817.65 148130.1 480051.8 1167093 2768558 789974.6 3412833
6003698 60933.14 10993.41 16314.26 29199.3 55221.81 352628.5 1250500 9353787 284375.6 418735.1 557211.9 874550.3 550053.8 520997.4 518412.5 47231.43 11067.97 14560.5 19731.22 14171.77 29396.97 65217.01 119291.3 102159.2 153140.2 226810.1 167677.3 231881.6 272288.5 311685.7 322966.1 902662.2 1455903 2222975 5488378 6881995 7536148 4050950 2816122 146637.6 34242.7 31552.07 7861.15 2580.908 919.1799 95.11051 1721.841 2889.607 1822.951 2362.818 1074.53 555.2124 85.98968 599.2413 1199.766 952.6876 2497.092 6669.983 52140.83 95423.4 82174.56 26435.03 43618.05 52999.76 53065.87 76769.13 79063.48 772523.3 1007412 1148262 1440194
2751461 47743.44 7631.069 8179.078 4438.699 4385.64 41030.18 1012763 3794247 1247435 629310.2 439568.7 732340.4 370553.5 552824.8 1738853 1449700 135352.1 305645.8 35808.13 19217.99 15027.47 124583.9 88140.43 64542.28 131319.8 286009.5 84696.59 228572.1 360546.6 240906.7 267802.1 177671.2 799845.4 2943461 2995881 4609871 7629268 1.357972e+07 4700579 1321886 180374 23771.19 16499.52 12526.58 5626.083 3880.069 7312.016 5847.698 3861.531 2690.544 7898.549 5639.296 2934.021 7707.171 26662.52 27188.65 44438.12 17527.57 66618.34 128314.2 59013.96 69509.3 59488.73 85499.97 79347.27 60783.76 106313.8 296254.1 1091760 1353573 897976.1
678957.3 116822.4 41050.14 42585.55 57462.89 16720.26 4435.919 265647.9 1198308 1953650 1653265 967590.9 1416507 648870.2 517498.3 359374.7 832886.6 148920.2 523050.1 83489.83 47849.63 58949 137380.1 30471.05 50308.05 160548.7 39689.67 160813.2 425244 985636.3 214862.5 237677.9 98637.3 328226.8 1872958 2303751 7029486 1.350755e+07 1.818853e+07 7878478 4279116 1491942 169478.3 33659.66 5275.661 4235.642 4357.402 6417.364 6150.287 10442.91 7484.246 8769.362 9908.959 15508.63 21131.47 65803.25 95624.5 80087.07 70417 76572.16 98907.58 118115.8 114642.6 90377.16 124932.8 66706.68 152215.4 964875.4 5015094 2597321 4431907 3671936
5542.007 51114.81 97277.63 62626.68 73247.09 73749.13 75840.74 332439.6 82388.15 152057.3 689969.2 2762243 920375.1 523573.1 391259.4 367636.1 331065.8 147495.1 55583.95 212605.4 273464 157347.6 192084.9 140469.8 151200.8 167841.4 40117 36589.63 70068.16 70723.77 1178108 679375 306168 350119 2554309 8393647 8717705 8340504 5398350 6534543 9269023 5339606 2957418 633269.8 125123.6 17883.17 4606.544 9354.408 3494.134 6075.972 8371.336 11101.51 12592.23 14237.31 32736.05 74740.03 37187.99 26305.14 30400.58 47823.91 46161.01 63252.41 76226.29 41735.51 99655.66 148847.9 398038.1 8481784 1.277682e+07 5060797 5274185 3661010
78491.81 121466.9 48812.78 27651.8 51920.56 72250.98 42449.08 45414.2 10414.3 4667.878 170891.3 1777421 1272162 0.7910779 326781.7 579486.5 1784072 399572 120356.7 219147.6 129178 292523.8 202384.6 196581.3 185830.8 49808.02 15119.93 35177.01 38770.98 115985.3 439732.7 354635.2 200586.5 296066.3 4367692 7056373 4020393 2963676 2681593 4292179 6811070 1.251432e+07 7654684 3149651 1559184 790422.1 166776.5 14435.89 11439.79 12758.98 23422.55 73418.61 167445 178830.3 146105.1 575901.3 56828.71 32696.33 82584.66 29230.3 18386.5 43217.62 66648.6 64872.12 70466.19 72093.73 890212 3338680 5010111 5703583 9771312 2799346
140074.1 97276.73 64068.73 53805.47 88363.83 92250.91 35672.22 26141.33 59049.61 86233.71 104004.9 406400.4 287101.1 -9999 69225.48 268680.2 219166.3 342817.3 278271.3 188370.8 98270.5 468493.7 198472.6 116186.9 113227.8 98289.41 32082.69 33528.68 80958.25 102866.8 258995.7 585463.6 2517334 2596826 4560414 425991.8 575609.3 1319072 1509661 3294172 9595657 3.599487e+07 1.24007e+07 1.143165e+07 5827059 3315750 1511160 1181556 768948.5 102551.6 31614.9 66143.24 44090.89 87402.93 42044.13 44532.86 54314.5 71757.48 165998.9 132682.9 48723.88 18156.86 48338.2 102477.6 66700.16 169801.1 1245614 1202376 3404360 3804062 2150796 1312408
95566.82 70997.34 13747.92 25778.16 100007 100441.1 41204.96 97545.31 137016.7 102192.9 84289.62 46040.52 67521.52 162920 3.323979 25215.77 640894.6 237417.9 190772.3 343911.7 589222 300880 151034 71789.03 83569.02 107729.8 79141.59 57368.12 62707.42 73292.57 183071.3 2320838 6365230 1530020 410993.2 405751.9 822304.3 2013957 2608173 5035470 5872020 9897310 1.264486e+07 9643104 9905086 9430851 7829379 7945704 5901627 9960144 875517.3 726640.8 1663170 293248.6 97829.68 227487 174712.6 806948.4 2343451 3075312 198245.6 65604.85 108977.8 373590.1 351749 502543.7 1718152 2449906 2797087 3065993 3498898 1864582
37687.85 36121.31 30830.69 36942.69 73832.8 60143.86 135361.8 326791.7 253645.3 84875.15 46781.86 17593.6 47557.02 2448988 3102376 23414.19 -9999 37567.31 98809.96 143779.2 70713.66 187753.1 70720.78 136469.9 153525 171366.5 188547.3 217258.6 170970.7 79602.58 159885.8 1837512 3738794 423794.4 240427.4 506410.9 2059880 2852003 3337921 6399073 4190005 4812768 6184025 6818199 1.436854e+07 1.108989e+07 1.212655e+07 1.503234e+07 1.692175e+07 1.852292e+07 1.129909e+07 1.221802e+07 8827613 6908829 5001952 6602405 6532511 2512848 2793962 337939.3 77982.04 70943.81 162344.4 619572.9 1201927 1481950 1265687 1770119 3183894 3357027 5613648 1794288
