data/gpw_v4_population_count_rev11_2020_1_deg.asc
ncols         360
nrows         180
xllcorner     -180
yllcorner     -90
cellsize      1
NODATA_value  -9999
[rows 0 to 31 of 180, columns 216 to 287 of 360]
-9999 -9999 -9999 -9999 -9999 -9999 -9999 -9999 -9999 -9999 -9999 -9999 -9999 -9999 -9999 -9999 -9999 -9999 -9999 -9999 -9999 -9999 -9999 -9999 -9999 -9999 -9999 -9999 -9999 -9999 -9999 -9999 -9999 -9999 -9999 -9999 -9999 -9999 -9999 -9999 -9999 -9999 -9999 -9999 -9999 -9999 -9999 -9999 -9999 -9999 -9999 -9999 -9999 -9999 -9999 -9999 -9999 -9999 -9999 -9999 -9999 -9999 -9999 -9999 -9999 -9999 -9999 -9999 -9999 -9999 -9999 -9999
-9999 -9999 -9999 -9999 -9999 -9999 -9999 -9999 -9999 -9999 -9999 -9999 -9999 -9999 -9999 -9999 -9999 -9999 -9999 -9999 -9999 -9999 -9999 -9999 -9999 -9999 -9999 -9999 -9999 -9999 -9999 -9999 -9999 -9999 -9999 -9999 -9999 -9999 -9999 -9999 -9999 -9999 -9999 -9999 -9999 -9999 -9999 -9999 -9999 -9999 -9999 -9999 -9999 -9999 -9999 -9999 -9999 -9999 -9999 -9999 -9999 -9999 -9999 -9999 -9999 -9999 -9999 -9999 -9999 -9999 -9999 -9999
-9999 -9999 -9999 -9999 -9999 -9999 -9999 -9999 -9999 -9999 -9999 -9999 -9999 -9999 -9999 -9999 -9999 -9999 -9999 -9999 -9999 -9999 -9999 -9999 -9999 -9999 -9999 -9999 -9999 -9999 -9999 -9999 -9999 -9999 -9999 -9999 -9999 -9999 -9999 -9999 -9999 -9999 -9999 -9999 -9999 -9999 -9999 -9999 -9999 -9999 -9999 -9999 -9999 -9999 -9999 -9999 -9999 -9999 -9999 -9999 -9999 -9999 -9999 -9999 -9999 -9999 -9999 -9999 -9999 -9999 -9999 -9999
-9999 -9999 -9999 -9999 -9999 -9999 -9999 -9999 -9999 -9999 -9999 -9999 -9999 -9999 -9999 -9999 -9999 -9999 -9999 -9999 -9999 -9999 -9999 -9999 -9999 -9999 -9999 -9999 -9999 -9999 -9999 -9999 -9999 -9999 -9999 -9999 -9999 -9999 -9999 -9999 -9999 -9999 -9999 -9999 -9999 -9999 -9999 -9999 -9999 -9999 -9999 -9999 -9999 -9999 -9999 -9999 -9999 -9999 -9999 -9999 -9999 -9999 -9999 -9999 -9999 -9999 -9999 -9999 -9999 -9999 -9999 -9999
-9999 -9999 -9999 -9999 -9999 -9999 -9999 -9999 -9999 -9999 -9999 -9999 -9999 -9999 -9999 -9999 -9999 -9999 -9999 -9999 -9999 -9999 -9999 -9999 -9999 -9999 -9999 -9999 -9999 -9999 -9999 -9999 -9999 -9999 -9999 -9999 -9999 -9999 -9999 -9999 -9999 -9999 -9999 -9999 -9999 -9999 -9999 -9999 -9999 -9999 -9999 -9999 -9999 -9999 -9999 -9999 -9999 -9999 -9999 -9999 -9999 -9999 -9999 -9999 -9999 -9999 -9999 -9999 -9999 -9999 -9999 -9999
-9999 -9999 -9999 -9999 -9999 -9999 -9999 -9999 -9999 -9999 -9999 -9999 -9999 -9999 -9999 -9999 -9999 -9999 -9999 -9999 -9999 -9999 -9999 -9999 -9999 -9999 -9999 -9999 -9999 -9999 -9999 -9999 -9999 -9999 -9999 -9999 -9999 -9999 -9999 -9999 -9999 -9999 -9999 -9999 -9999 -9999 -9999 -9999 -9999 -9999 -9999 -9999 -9999 -9999 -9999 -9999 -9999 -9999 -9999 -9999 -9999 -9999 -9999 -9999 -9999 -9999 -9999 -9999 -9999 -9999 -9999 -9999
-9999 -9999 -9999 -9999 -9999 -9999 -9999 -9999 -9999 -9999 -9999 -9999 -9999 -9999 -9999 -9999 -9999 -9999 -9999 -9999 -9999 -9999 -9999 -9999 -9999 -9999 -9999 -9999 -9999 -9999 -9999 -9999 -9999 -9999 -9999 -9999 -9999 -9999 -9999 -9999 -9999 -9999 -9999 -9999 -9999 -9999 -9999 -9999 -9999 -9999 -9999 -9999 -9999 -9999 -9999 -9999 -9999 -9999 -9999 -9999 -9999 -9999 -9999 -9999 -9999 -9999 -9999 -9999 -9999 -9999 -9999 -9999
-9999 -9999 -9999 -9999 -9999 -9999 -9999 -9999 -9999 -9999 -9999 -9999 -9999 -9999 -9999 -9999 -9999 -9999 -9999 -9999 -9999 -9999 -9999 -9999 -9999 -9999 -9999 -9999 -9999 -9999 -9999 -9999 -9999 -9999 -9999 -9999 -9999 -9999 -9999 -9999 -9999 -9999 -9999 -9999 -9999 -9999 -9999 -9999 -9999 -9999 -9999 -9999 -9999 -9999 -9999 -9999 -9999 -9999 -9999 -9999 -9999 -9999 -9999 -9999 -9999 -9999 -9999 -9999 -9999 -9999 -9999 -9999
-9999 -9999 -9999 -9999 -9999 -9999 -9999 -9999 -9999 -9999 -9999 -9999 -9999 -9999 1.01841 0.0311874 -9999 -9999 0.6960339 1.702083 2.739656 3.61675 3.953223 1.780437 0.5881189 0.9370197 0.5289879 0.6168808 9.036255 3.106471 -9999 -9999 -9999 -9999 -9999 -9999 -9999 -9999 -9999 -9999 -9999 -9999 -9999 -9999 -9999 -9999 -9999 -9999 -9999 -9999 -9999 -9999 -9999 -9999 0.9462014 1.143393 -9999 0.4702628 5.755737 15.16292 5.212726 -9999 -9999 -9999 -9999 -9999 -9999 -9999 -9999 -9999 -9999 -9999
0.8082336 -9999 -9999 -9999 -9999 -9999 -9999 -9999 0.1529697 1.002567 1.210707 11.13246 5.816307 10.38262 6.939217 1.37625 3.148205 4.407609 5.764853 6.201111 6.490693 8.601254 6.131874 4.530003 3.3315 2.858987 0.7994323 3.557241 1.896443 0.4420395 -9999 -9999 -9999 -9999 -9999 -9999 -9999 -9999 -9999 -9999 -9999 -9999 2.714129 5.310865 -9999 -9999 -9999 -9999 -9999 -9999 -9999 -9999 -9999 -9999 0.0003208882 7.527297 18.0242 29.18353 17.0191 19.51276 20.25995 17.72854 2.715154 1.781208 -9999 -9999 -9999 -9999 -9999 -9999 -9999 -9999
-9999 -9999 -9999 -9999 -9999 -9999 -9999 -9999 -9999 -9999 -9999 -9999 -9999 -9999 0.9952144 0.6370873 -9999 -9999 -9999 -9999 -9999 -9999 1.271345 0.9139586 0.1246971 -9999 -9999 -9999 -9999 -9999 -9999 -9999 -9999 -9999 -9999 -9999 -9999 -9999 -9999 -9999 7.701725 3.240127 -9999 -9999 -9999 -9999 -9999 -9999 -9999 -9999 -9999 -9999 -9999 -9999 0.4982954 16.09999 26.89093 18.37055 40.62849 39.34961 55.64538 54.25069 17.43782 31.80156 2.839824 15.53805 27.36087 9.949059 0.8983293 -9999 -9999 -9999
-9999 -9999 -9999 -9999 -9999 -9999 -9999 -9999 -9999 -9999 -9999 -9999 -9999 -9999 -9999 -9999 -9999 -9999 -9999 -9999 -9999 -9999 -9999 -9999 -9999 -9999 -9999 -9999 -9999 -9999 -9999 -9999 -9999 -9999 -9999 -9999 -9999 -9999 -9999 -9999 -9999 -9999 -9999 -9999 -9999 -9999 -9999 -9999 -9999 -9999 -9999 -9999 -9999 -9999 -9999 -9999 -9999 0.6600279 -9999 0.057521 0.9231103 14.90296 4.5944 10.89382 55.78383 49.36193 47.22253 54.83855 42.22105 8.257771 7.757995 7.234892
-9999 -9999 -9999 -9999 -9999 -9999 -9999 -9999 -9999 -9999 -9999 -9999 -9999 -9999 -9999 -9999 -9999 -9999 -9999 -9999 -9999 -9999 -9999 -9999 -9999 -9999 -9999 -9999 -9999 -9999 -9999 0.01583179 -9999 -9999 -9999 -9999 -9999 -9999 -9999 -9999 -9999 -9999 -9999 -9999 -9999 -9999 1.369291 -9999 -9999 -9999 -9999 -9999 2.153786 6.307311 0.8444154 0.6042442 0.3069917 -9999 -9999 4.028008 7.716983 -9999 -9999 2.246809 1.554333 14.68888 46.76221 69.14883 70.77086 39.99805 7.513588 4.213571
-9999 -9999 -9999 -9999 -9999 -9999 -9999 -9999 -9999 -9999 -9999 -9999 -9999 -9999 -9999 -9999 -9999 -9999 -9999 -9999 -9999 -9999 0.004669531 0.9663081 8.30808 17.69022 9.551428 6.844123 7.028047 8.633346 35.36256 43.11061 52.00503 0.1041903 -9999 -9999 -9999 -9999 -9999 -9999 -9999 -9999 -9999 -9999 -9999 -9999 -9999 -9999 -9999 -9999 -9999 -9999 0.1546687 0.1409799 -9999 0.1775819 0.3020439 7.833523 21.37293 34.9211 22.64924 10.95679 22.83785 39.03292 53.43209 101.1017 113.0351 115.4199 116.3881 119.4239 111.0677 71.12456
-9999 -9999 -9999 -9999 -9999 -9999 -9999 -9999 -9999 -9999 -9999 -9999 -9999 -9999 -9999 -9999 -9999 -9999 -9999 2.307312 14.31604 22.45734 20.23912 19.20927 23.62017 15.17706 6.168683 15.25561 7.19421 8.714575 1.217762 -9999 -9999 -9999 -9999 -9999 -9999 -9999 -9999 -9999 -9999 -9999 -9999 -9999 -9999 8.382483 10.931 1.236408 -9999 -9999 0.9948111 12.64608 34.25459 60.72169 78.76251 86.57786 101.5413 120.8597 129.5175 126.804 121.2444 126.3624 128.3278 121.9964 123.2904 129.3403 129.1866 129.2864 121.8134 128.1132 127.6882 128.5339
-9999 -9999 -9999 -9999 -9999 -9999 -9999 -9999 -9999 -9999 -9999 -9999 -9999 -9999 -9999 -9999 -9999 -9999 4.094547 38.72837 60.48798 49.56688 57.58484 43.52081 12.07471 -9999 -9999 -9999 -9999 -9999 -9999 -9999 -9999 -9999 -9999 -9999 -9999 -9999 -9999 -9999 -9999 -9999 -9999 3.111813 -9999 -9999 3.989722 4.88393 5.105185 23.53669 69.30677 127.573 138.827 137.9763 137.3437 136.6561 137.7762 138.6212 139.1844 138.4133 138.0287 137.0417 134.7226 120.6845 94.65073 89.62669 118.2589 119.1643 99.20182 121.5265 127.0622 108.8002
-9999 -9999 -9999 -9999 -9999 -9999 -9999 -9999 -9999 -9999 -9999 -9999 -9999 -9999 -9999 -9999 -9999 27.33363 93.13832 110.5143 93.39266 39.4331 0.4819807 -9999 -9999 -9999 -9999 -9999 -9999 -9999 -9999 -9999 -9999 25.18078 1055.031 360.6086 -9999 -9999 179.6979 118.2548 120.9833 -9999 0.5375718 3.368929 35.13499 88.90366 94.5925 96.28366 107.3234 106.2403 116.637 125.5097 142.0437 143.1935 141.7794 142.6404 141.5795 142.0164 142.1966 143.4238 140.1764 135.5141 136.7933 135.0857 136.9458 125.4098 139.0186 133.33 139.302 138.6358 104.0585 75.44777
-9999 -9999 -9999 -9999 -9999 -9999 -9999 -9999 -9999 -9999 -9999 -9999 -9999 -9999 -9999 6.430098 50.50596 129.2019 133.4544 82.42241 4.596218 -9999 -9999 -9999 -9999 -9999 -9999 -9999 -9999 -9999 -9999 -9999 465.4901 2788.732 2724.166 2745.085 1724.771 -9999 392.8542 1225.521 107.1144 834.3491 910.2524 178.6163 31.2974 101.7047 137.8301 150.1914 145.3405 150.5637 149.8966 147.5989 144.8527 148.8183 145.783 144.5094 148.3327 147.358 148.3011 142.9068 139.9012 135.9652 133.8704 117.4695 139.4835 142.8376 138.4707 136.8817 132.484 132.9083 140.6147 146.0796
-9999 -9999 -9999 -9999 -9999 -9999 -9999 -9999 -9999 -9999 -9999 -9999 -9999 -9999 -9999 34.18496 88.66782 109.758 139.3873 109.0971 14.05355 -9999 -9999 -9999 -9999 -9999 -9999 -9999 -9999 -9999 138.8751 1276.505 2674.232 3371.862 3337.967 3082.834 836.4221 1675.509 3250.05 1459.649 1800.044 2133.516 2678.423 2158.594 415.5348 116.1417 81.63577 112.8076 157.1694 156.081 157.2137 159.5574 150.0115 150.5133 152.4662 148.9287 149.1653 147.8415 142.159 134.618 139.147 142.7201 141.7438 150.9188 158.0235 155.7233 155.081 163.719 165.7504 165.7516 165.2541 165.3723
-9999 -9999 -9999 -9999 -9999 -9999 -9999 -9999 -9999 -9999 -9999 -9999 -9999 -9999 -9999 -9999 0.0001919249 11.90641 42.9446 52.93756 51.84594 16.43681 68.41454 122.7753 4.471276 -9999 -9999 -9999 -9999 -9999 215.1373 2443.356 3223.142 3529.246 3097.84 3094.483 1965.238 246.4584 3108.953 3266.637 3259.801 3209.718 3062.749 2761.118 1436.343 155.1201 119.8476 117.0245 164.548 158.3594 155.769 152.6376 153.8179 160.15 166.2852 167.8015 167.8609 164.6721 161.3229 161.5786 162.9418 166.1654 165.6137 168.2459 173.541 173.3365 173.961 171.7307 174.2218 174.1474 174.3544 174.2937
224.7188 -9999 -9999 -9999 -9999 -9999 -9999 -9999 -9999 -9999 -9999 -9999 149.3085 205.1832 20.79374 -9999 -9999 -9999 -9999 -9999 -9999 -9999 9.812038 97.06249 228.0986 373.5731 344.2476 298.4742 346.9374 580.1909 269.4627 1555.197 2993.061 3243.457 2988.254 3096.405 1813.458 837.2905 3247.311 2786.326 3039.827 3483.74 3576.014 2200.615 1259.706 1204.391 429.679 158.164 156.5617 149.5284 161.6132 76253.6 85221.82 159.8122 167.2093 175.4325 180.4648 180.0879 177.9731 155.0499 134.599 116.3268 107.269 100.011 115.6607 124.0551 139.8733 146.6065 142.8813 143.9422 121.1893 103.3761
1019.712 601.5263 318.062 935.5496 -9999 -9999 -9999 44.24757 230.0712 241.0164 59.43559 -9999 93.6558 78.41113 124.7242 222.5023 244.5924 274.9305 115.9572 264.1843 283.1051 282.3232 394.2748 229.8637 347.2643 468.3687 496.1007 576.5086 4681.061 4967.492 3615.07 2423.928 1469.662 3137.573 3262.806 3286.733 3320.706 744.4041 1463.02 3391.985 3281.406 1496.44 3727.424 3781.826 3544.036 3750.228 2431.222 194.6031 181.7919 167.9029 169.5352 5046.281 161.8843 163.3155 162.0717 173.4386 171.7475 147.0277 116.6827 91.79523 91.37145 91.50577 89.56368 91.3075 91.13726 90.16845 84.1544 88.12179 89.06977 90.38425 88.1272 59.16436
931.254 909.2544 930.9452 1530.583 1108.094 110.9795 -9999 32.90907 434.4561 216.9636 63.77103 62.62022 363.564 479.8427 500.0868 482.2453 3026.274 17404.7 514.3627 518.3763 502.8429 488.4715 486.785 492.4192 509.2321 1167.6 5879.229 13651.45 18009.64 13584.71 4813.543 3871.055 3722.704 3616.456 3532.497 3311.313 2161.834 255.3493 2546.904 3915.54 3836.375 2798.608 3468.989 3711.901 3582.876 3844.28 1250.969 334.004 272.5126 352.2673 334.5925 239.1491 265.7091 273.9317 271.3389 146.0068 91.44857 94.03149 94.62252 94.03645 95.86661 95.8183 96.05406 95.59615 93.63008 90.31882 88.57787 92.36379 95.82069 95.92078 84.96566 62.93038
956.9698 1120.192 1154.304 1014.612 544.6801 240.0338 573.2659 375.4687 618.1685 619.1317 462.7957 499.0525 637.9578 740.8711 959.3607 1201.415 1182.88 2528.829 6462.643 6503.758 6396.939 6567.435 6247.37 4787.849 4756.385 4906.667 11566.55 12414.71 7867.332 4122.514 3515.871 3671.844 3631.994 3289.169 2975.204 2138.126 1943.227 3609.572 4229.311 4093.455 4085.041 3790.8 4069.115 4233.477 3974.522 3679.177 3867.961 1156.437 405.792 401.0204 380.9223 388.4296 411.0151 276.0017 146.9778 99.60806 99.96529 96.83034 97.27657 98.76202 99.39806 100.1525 100.1394 100.1038 99.63373 97.88407 98.94498 98.92239 98.75553 98.53602 884.3624 1145.531
203.1549 396.5975 -9999 588.9952 4610.032 3525.492 2102.909 1829.709 1438.325 1374.653 1345.162 1259.43 1366.392 1377.998 1383.643 1384.971 1488.121 4146.604 4842.119 7471.846 7864.223 7800.526 8213.801 6082.915 5520.354 10041.91 9220.867 4468.981 3879.26 2908.767 4320.105 4356.226 4365.271 4345.344 4436.507 4372.166 4143.802 4332.627 4389.809 4314.137 4218.153 3894.693 4262.615 4286.554 4306.267 3867.553 4148.979 3996.677 1636.858 444.1737 442.2468 416.1536 410.5498 165.449 103.6545 102.3017 103.3901 103.1573 103.9862 103.9238 104.2617 104.3429 104.2277 104.1262 103.8189 103.4768 104.5167 103.832 101.6245 105.1971 1301.482 2436.999
1293.035 3742.426 8728.727 162093.5 372169.3 6418.245 5714.599 4586.334 3817.849 2160.735 1718.306 1801.742 1749.309 1996.368 2277.963 3407.227 17393.96 13065.46 8662.242 10703.64 7278.206 5651.307 5641.427 9174.062 16978.06 16969.12 15451.72 9668.146 9678.21 8583.295 10349.27 5887.575 7746.128 9736.585 6757.606 4410.926 4392.145 4234.989 3978.613 4275.001 4231.612 4287.063 3940.882 4150.49 4360.789 4455.809 4650.801 4715.18 4473.683 3582.79 451.884 439.447 468.3759 395.518 301.4546 224.5828 110.7642 107.2416 107.7883 107.9584 108.1324 107.7521 107.582 107.4147 107.4642 107.8523 108.0401 108.2305 108.1263 282.2477 1385.876 1822.37
8312.354 6420.289 7354.057 8157.028 10912.73 10358.78 7232.642 5446.336 4705.259 4315.05 3987.125 2860.946 2692.951 2799.28 4045.165 4507.798 18220.25 37785.61 19054.67 10974.69 4122.013 2643.85 2538.623 11543.6 17920.79 17097.24 17746.21 17620.39 16203.26 14736.53 17287.63 17515.31 17336.36 17157.12 15129.32 9505.024 8331.004 7290.725 5589.218 5372.995 4360.131 3963.211 3832.528 4582.982 5503.52 4968.499 4764.617 4816.06 4857.603 2411.283 475.545 453.2303 484.7858 483.7444 485.1791 426.9217 130.9748 112.577 112.6499 111.8467 110.8793 111.2174 111.7122 112.1395 112.3252 112.4597 112.3129 111.8112 111.6006 111.2487 123.0077 137.1363
8462.613 8888.783 9235.45 9894.467 26393.76 17259.85 6809.408 6427.99 5190.036 4398.026 4719.645 4312.624 5176.512 15579.88 11122.78 4945.271 4907.483 13093.26 16105.11 3721.897 1704.569 1714.337 1713.433 10684.66 18498.98 18431.85 18560.82 18540.91 18009.42 16693.53 17021.02 18215.56 18244.73 16465.15 14956.92 13593.48 12554.56 14127.19 14007.53 15231.28 14937 12345.78 10893.67 13109.96 16950.21 15980.58 14401.75 11298.04 6168.248 998.8724 500.473 502.2646 487.9874 493.8087 373.5818 167.567 115.979 116.4583 116.3842 116.536 116.5411 116.4267 116.4608 116.5048 116.2365 116.1778 116.4156 116.6018 116.6161 116.3133 131.5022 144.6222
8029.708 10442.49 9568.632 12600.13 18549.01 25193.16 20920.06 14699.27 12380.87 12985.78 78104.38 48965.28 9247.643 15622.8 225968.6 10065.05 5216.903 5437.125 5117.622 5140.78 4141.213 4093.727 4409.332 6842.688 10110.76 11677.79 16201.15 19184.1 19170.5 18981.88 18960.38 16334.97 17868 17017.99 17683.88 15376.92 16258.08 15403.32 16712.35 17311.09 17606.38 18714.02 18849.26 16679.84 18098.39 18204.01 18104.07 18112.94 16888.94 7692.707 868.3383 839.3867 772.528 493.999 433.0907 125.331 270.9411 282.1939 261.6957 140.9006 119.4477 119.7889 119.9144 119.8842 119.7113 120.1794 120.3212 120.389 122.4252 137.2005 149.5286 148.9706
13808.83 11348.29 15157.08 17983.55 18562.3 17157.8 19320.78 14708.68 11559.36 29308.2 33792.69 19982.42 12887.89 8879.05 6347.108 6051.91 16954.37 18490.93 18611.92 9010.373 7527.704 7789.779 7963.702 40301.26 27115.5 12510.09 4796.392 16390.04 18773.5 17124.05 18354.3 18378.94 17610.11 16163.59 19563.14 19303.2 19341.99 19275.57 19582.64 19472.45 17220.72 47342.02 5341.422 6759.518 6361.334 8105.316 6428.918 2285.719 2687.508 1460.935 1469.236 1467.655 1463.826 1351.247 1229.629 1134.969 1308.301 1354.016 1347.239 384.7213 124.1411 123.5466 123.9159 375.9191 125.3584 123.7499 123.7663 124.246 132.4895 150.5422 154.5612 153.396
21805.15 291567.3 71519.19 322656.2 58863.68 28507.1 17028.84 11468.54 13520.17 16677.96 16428.83 13207.51 16935.77 23310.86 11238.58 14756.68 22195.61 18605.09 20535.86 19758.76 245924.9 35545.59 38375.16 30681.69 119410.5 47616.13 3335.395 3740.679 13472.9 17766.57 18210.29 15786.95 11049.58 4005.005 4764.871 7468.792 15480.1 20253.35 20325.7 18441.4 7995.887 1721.483 1720.32 1618.168 1502.931 1589.123 1888.464 4434.083 2672.801 2395.657 2411.499 2053.565 1693.969 1513.523 1489.633 1440.193 1400.171 1392.42 2442.618 3326.88 2987.86 3565.632 4161.733 4915.534 3325.731 2805.168 1645.695 394.6725 129.3968 153.8378 159.0876 159.1475
32298.69 32697.11 24273.54 56460.08 46323.75 57287.06 34020.44 18806.29 30874.89 47667.51 20483.08 20435.48 57414.86 500546.9 118079.3 37652.18 140194.1 44643.16 59895.85 123413.6 193398.5 121849.7 65522.06 178941.9 82857.98 35131.34 21292.38 13821.11 9039.848 27884.83 14834.34 9824.324 115169.5 5421.512 6643.559 4114.547 2942.653 6553.639 11824.82 6420.133 1644.87 1738.357 1833.159 1903.45 2540.833 7870.633 12855.2 15086.04 3347.446 2751.965 4498.364 3921.392 1815.403 1559.987 1562.712 1551.275 78460.39 6691.758 5174.813 5299.417 5393.116 5398.706 5090.288 4302.233 3895.773 3658.594 45384.41 3000.609 1731.094 372.6357 1513.39 1611.118
