data/gpw_v4_population_count_rev11_2020_1_deg.asc
ncols         360
nrows         180
xllcorner     -180
yllcorner     -90
cellsize      1
NODATA_value  -9999
[rows 64 to 95 of 180, columns 144 to 215 of 360]
-9999 -9999 -9999 -9999 -9999 -9999 -9999 -9999 -9999 -9999 -9999 -9999 -9999 -9999 -9999 -9999 -9999 -9999 -9999 -9999 -9999 429.2315 377.3941 261.428 598.4492 598.7108 598.3105 598.6852 599.1824 1403.898 6039.671 3019.33 2840.195 2819.487 2819.073 2819.073 2819.073 5035.526 3689.804 4921.253 685.8979 1199.8 2211.048 3941.254 3184.173 4950.77 6287.605 12601.93 11901.64 4889.537 3839.275 3839.275 3839.275 3839.275 3839.275 1957.269 1570.911 1570.911 1570.911 1570.911 1570.908 0 0 0 83860.79 19096.14 90091.13 0 4355341 47313.04 16477.67 -9999
-9999 -9999 -9999 -9999 -9999 -9999 -9999 -9999 -9999 -9999 -9999 -9999 -9999 -9999 -9999 -9999 -9999 -9999 -9999 -9999 1047.449 797.9841 147.5197 105.6598 318.9255 318.9247 318.9239 318.9231 318.9223 1399.488 2431.604 2555.844 2897.448 2986.78 2952.754 2916.5 2877.236 2118.759 691.4689 691.4689 691.4689 1060.284 1308.995 1415.847 2300.381 4734.851 5353.599 4726.273 3870.65 3870.65 3870.65 3870.65 3870.65 3870.65 3870.65 1983.363 1583.749 1583.749 1583.749 1583.749 1583.745 0 0 0 0 0 13907.15 0 812384.7 340820.6 3027.205 1522.323
-9999 -9999 -9999 -9999 -9999 -9999 -9999 -9999 -9999 -9999 -9999 -9999 -9999 -9999 -9999 -9999 -9999 -9999 -9999 2320.232 129823.3 953.0319 28.61015 125.5534 321.375 321.375 321.375 329.0107 376.0275 1172.019 2450.573 2450.573 2461.416 2719.91 3002.606 3022.05 3022.05 1953.197 1239.492 1121.731 1230.365 14607.43 1586.839 1216.429 3157.869 2630.54 4343.728 3698.809 2611.058 3428.87 3900.837 3999.156 3673.773 3900.845 3900.845 2009.013 1596.104 1596.104 1596.104 1596.104 1596.101 0 0 0 0 0 5217.328 0 155087.7 10054.65 2590.424 6415.222
-9999 -9999 -9999 -9999 -9999 -9999 -9999 -9999 -9999 -9999 -9999 -9999 -9999 -9999 -9999 -9999 -9999 -9999 -9999 1203.368 1964.365 185.4231 38.26816 52063.77 323.7648 323.9185 354.344 399.6159 405.2521 1148.81 2349.873 2468.796 2468.796 2468.796 2554.903 2908.104 3044.523 2420.681 1967.429 1967.429 2602.021 33265.2 15194.52 772.4973 772.4973 1206.405 3878.936 762.2219 757.8827 830.5133 1373.241 4242.797 2955.883 3151.275 3644.843 2033.017 1607.973 1607.973 1607.973 1607.973 1607.97 18.85767 23.24722 26.47633 27.2196 18.98984 25.50619 11714.2 117.0595 74.83612 535.2781 9587.716
-9999 -9999 -9999 -9999 -9999 -9999 -9999 -9999 -9999 -9999 -9999 -9999 -9999 -9999 -9999 -9999 -9999 -9999 7703.226 2367.091 1757.705 2274.769 1977.587 1680.199 363.5986 386.4459 408.1199 408.1199 543.8522 1489.605 2010.423 2486.267 2486.267 2486.267 2486.267 2405.76 2497.163 3444.648 2162.603 2009.536 7994.885 34650.28 18868.02 1526.015 2509.045 4222.812 4312.37 763.246 763.246 763.246 763.246 3555.693 3907.132 2913.008 2913.008 2647.34 2004.091 1636.621 1619.352 1619.352 1619.356 3836.714 3836.746 3836.746 3836.746 3836.719 3811.982 3690.211 24313.76 36302.29 34813.61 34804.58
-9999 -9999 -9999 -9999 -9999 -9999 -9999 -9999 -9999 -9999 -9999 -9999 -9999 -9999 -9999 -9999 -9999 -9999 146264.7 1340.91 6537.458 8349.141 29621.29 7232.25 792.9963 782.0782 812.8815 843.6757 1193.834 1517.563 1920.842 2422.414 2502.981 2502.328 2242.677 1924.292 2007.266 3855.64 3426.938 2066.053 2284.795 3186.796 6330.126 20424.58 4391.227 4390.172 4348.311 768.3768 768.3768 768.3768 768.3768 1662.511 4811.151 3467.896 2932.591 2935.239 4723.833 8151.249 3956.049 1634.915 1630.242 7390.083 7359.441 7324.395 7305.508 7298.641 7222.954 7281.254 27149.3 36138.47 33459.76 33848.13
-9999 -9999 -9999 -9999 -9999 -9999 -9999 -9999 -9999 -9999 -9999 -9999 -9999 -9999 -9999 -9999 -9999 -9999 -9999 960.7745 4931.274 6810.59 6210.112 2573.039 7677.972 645.6556 574.3269 648.3357 1493.13 1528.171 1937.479 2037.114 2518.932 4607.344 6803.081 1770.756 6645.649 13334.73 7180.586 2886.83 4420.448 8093.59 22798.27 24226.04 4933.789 4418.15 4383.018 773.2736 773.2736 773.2736 773.2736 2016.062 4584.939 3004.787 2951.28 6374.723 9906.073 9911.879 9911.879 7969.102 15482.99 15483.35 15483.35 26129.01 36689.84 36501.07 137609.9 42562.36 48028.35 36633.05 32619.64 32687.39
-9999 -9999 -9999 -9999 -9999 -9999 -9999 -9999 -9999 -9999 -9999 -9999 -9999 -9999 -9999 -9999 -9999 -9999 -9999 276396.4 1006595 14008.25 18098.94 26370.01 18178.27 2721.008 409.062 980.7251 1537.383 1537.383 1900.744 3879.284 3482.861 5299.083 15168.72 26239.16 17089.23 47780.48 19297.72 4052.354 11273.61 15198.39 24363.74 22297.57 6796.435 4803.789 7757.556 777.9348 777.9348 777.9348 777.9348 2473.902 6965.805 7570.702 7578.371 13578.27 10197.91 9971.627 9971.627 9971.627 15576 15576.68 15576.68 20939.85 26325.33 26203.97 28156.49 89044.95 128600.6 109137.3 64495.61 114347.8
-9999 -9999 -9999 -9999 -9999 -9999 -9999 -9999 -9999 -9999 40541.79 6604.091 -9999 -9999 -9999 -9999 -9999 -9999 -9999 11591.56 108113.8 41519.51 79475.3 73283.77 35896.48 19866.01 8153.806 6409.659 1551.13 1546.126 1937.669 2010.817 8915.525 13859.25 47819.05 40502.55 45174.77 29409.43 4504.937 3440.637 10013.11 14183.05 16777.09 62758.79 118279.6 79899.18 57153.77 2533.035 8081.758 10112.93 10186.77 8764.666 8605.355 8606.104 16774.61 32418.08 21325.58 10028.34 10361.62 10726.47 15664.66 15665.27 15665.27 16993.22 18297.65 26897.35 47739.94 65352.9 158389.5 160786.9 131523.8 157113.6
-9999 -9999 -9999 -9999 -9999 -9999 -9999 -9999 -9999 -9999 26154.39 74789.03 -9999 42107.84 -9999 -9999 -9999 -9999 -9999 256106.3 407345.8 334957.8 304509.9 203332.3 168264.8 105960.9 85203.63 75812.67 108416.5 15480.38 26480.98 51688.96 401945.5 127973.3 68853.02 284329.6 110546.7 28717.48 10587.5 6927.853 29754.38 108055.9 119642.8 22755.92 32833.95 17239.56 10040.57 8724.495 10380.29 10380.29 11642.06 22747.84 15709.55 8950.491 25380.75 33038.21 21463.94 10081.99 93460.7 120262.3 25058.1 15749.09 16465.87 36339.79 38680.34 51643.63 56938.64 578151.1 1528390 491747.5 192408.4 187943.8
-9999 -9999 -9999 -9999 -9999 -9999 -9999 -9999 -9999 -9999 -9999 3492.412 285074.6 914.0692 -9999 -9999 -9999 -9999 4720.75 1116357 445668.2 205374.4 440068.9 400871.8 197058.1 272475.8 335487.8 171748.5 159581.3 145363.1 191895.6 225328.8 315238 105069.3 95279.72 67797.76 169919.9 121952.4 82321.65 107653.1 224563.9 470961 395129.4 100866.5 169629.4 169710.1 8764.892 8770.834 10432.37 10743.41 25367.57 30075.05 31321.63 32628.56 45201.7 62658.72 115991 167518.6 180978.6 89212.23 30517.6 15828.11 15861.61 52746.82 54026.54 61051.03 74631.8 96653.7 4751389 1173649 219792.2 580059.8
-9999 -9999 -9999 -9999 -9999 -9999 -9999 -9999 -9999 -9999 -9999 39985.69 26726.04 -9999 -9999 -9999 -9999 -9999 4165398 3182340 1587153 265270.1 200009.2 288060.4 608611.1 302599.1 328082.9 120842 141767.4 229593.4 460271.1 611531.3 727055.5 366943.2 325811 468581.6 579359.9 533543.6 328442.1 339451.1 662138.7 1504482 1265168 844324.1 547629.8 609275.2 141509 65947.3 113851.7 121363.6 87120.14 167960.5 45256.32 42420.58 67192.73 95829.76 224170.6 331714.5 275743.3 172258.5 88160.58 227201.9 125771.8 66788.27 55656.34 107454.8 164349.4 320485.8 1387282 2063570 287898.1 423301.9
-9999 -9999 -9999 -9999 -9999 -9999 -9999 -9999 -9999 -9999 -9999 -9999 -9999 -9999 -9999 -9999 -9999 -9999 -9999 2248088 1172123 696399.1 381089.6 187673.7 188336 164880.5 267420.6 236642.1 500322.7 905600.2 791700.1 779764 598493.4 1084742 1107718 834053.5 571278.9 673370.9 2103382 848392 937409.3 3079937 1729707 2661126 2792689 1466616 433076.6 347104.7 412760.1 560093.8 289744.7 567925 240899.2 131862.3 74064.87 107679.2 286400.9 518361.7 530500.8 668571.1 866776.4 552762.7 153939.8 192567.9 248799.3 415303.2 568502.4 456392.5 1260682 994907.8 475144 343071.1
-9999 -9999 -9999 -9999 -9999 -9999 -9999 -9999 -9999 -9999 -9999 -9999 -9999 -9999 -9999 -9999 -9999 -9999 -9999 605186 829333.8 668961.2 369402.6 233546.2 182612.4 149271.9 220490.7 1963445 4061990 696444.1 1154313 753280.4 662279 1262162 5148464 1341095 546088.8 349786.7 550495 1092639 2270189 1881853 2430497 4060768 7318381 2709992 2297987 726480.3 691727.1 898627.8 1409735 1338416 223612.8 201173.4 239814.2 163602.1 131561.4 326622.4 360752.3 286289.8 872207.8 711239.4 218190.1 282996.2 266069.9 280827.1 483620.9 329677.1 429304.3 324186.1 624162.1 222016.6
-9999 -9999 -9999 -9999 -9999 -9999 -9999 -9999 -9999 -9999 -9999 -9999 -9999 -9999 -9999 -9999 -9999 -9999 -9999 36450.34 827009.3 245142.3 309317.2 1012662 283903.5 230153 777376.3 586483.4 475393.2 557253.3 940937.4 1637509 812821.3 677037.4 783066.9 1414357 781582.6 462672 586078.3 898264.4 1510872 1431048 1231361 4733154 8573226 3319085 2714952 1379383 651229.9 2083121 1129330 365131.6 137159.8 150295.2 194234.4 101122.3 113637.4 129070.5 214855 419779.4 1149192 811727.3 525409 242750.6 144815.7 144302.5 158800.1 129434.4 156093.3 223139.2 472060.3 109246.8
-9999 -9999 -9999 -9999 -9999 -9999 -9999 -9999 -9999 -9999 -9999 -9999 -9999 -9999 -9999 -9999 -9999 -9999 -9999 -9999 5107.042 478787.5 556178.3 667650.3 366050.4 308923.9 631877.1 264127.1 236995.9 646550.3 839099 867273.5 683641.8 688014.6 553373.4 1334417 1337459 717121.3 520764.3 527307.1 617506.8 843214.8 870074.4 2974781 1928556 1333424 1360317 2375227 1154811 2653831 2009679 710792.6 254691.4 171900.7 94090.37 95904.41 104920.1 29040.08 27935.39 322335.6 597390.4 264855.7 391140.5 206426.5 96875.69 85537.91 84400.81 99132.92 146597.7 169193.6 336280 209688.8
-9999 -9999 -9999 -9999 -9999 -9999 -9999 -9999 -9999 -9999 -9999 -9999 -9999 -9999 -9999 -9999 -9999 -9999 -9999 -9999 -9999 119.8442 3037127 724214.8 379248.3 427853 291676.9 220018.5 217879.8 380369.2 984182.1 258431.7 261596.7 403737.3 211224 1141359 810274.9 1110446 933154.4 495227 454642.6 1228719 1798681 3581266 3558150 2126878 776256.9 1832538 1847270 1549346 874072.1 1104957 567639.3 434349.2 237814.1 144462.8 28045.26 19064.88 17260.47 117538.6 200549 14867.08 284055.9 408341.9 300563.8 336075.6 198748.7 408229.8 138471.6 162153.5 792271.5 1344956
-9999 -9999 -9999 -9999 -9999 -9999 -9999 -9999 -9999 -9999 -9999 -9999 -9999 -9999 -9999 -9999 -9999 -9999 -9999 -9999 -9999 -9999 1689691 1011713 809148.4 1006044 386690.3 432128.3 246526.3 366942.4 433767.3 285394.2 219989.5 409016.2 283568 557676.6 802251.8 774324.9 732568.1 1655917 3258127 1503802 1334959 2946113 1613156 1156029 654499.5 970384.4 655056.1 542684.9 276500.7 698751.9 887770.4 709856.6 292249.3 19235.74 13970.79 14722.74 7597.109 44568.77 47532.99 14908.24 97452.69 291896.9 441249.9 326191.2 290664.1 252150.9 309561.2 509492.2 867950.3 1682658
-9999 -9999 -9999 -9999 -9999 -9999 -9999 -9999 -9999 -9999 -9999 -9999 -9999 -9999 -9999 -9999 -9999 -9999 -9999 -9999 -9999 -9999 707.6274 266027.4 1439055 321583.4 362341.1 1128235 1163531 954471.9 1095834 926895.9 614761.8 1428029 1204297 431101.8 1151100 1459592 1742556 5783771 7346295 6200517 2928274 2362582 2429036 1823959 597351.9 286024.6 160146.3 316765.5 273366.5 331803.9 331099.4 149269 104356.5 52336.09 9107.967 37723.54 20976.9 3838.111 1462.719 9391.51 43391.94 144019.3 209324.7 340743.8 229418.8 233655.1 251611.3 174775.3 90410.59 1299319
-9999 -9999 -9999 -9999 -9999 -9999 -9999 -9999 -9999 -9999 -9999 -9999 -9999 -9999 -9999 -9999 -9999 -9999 -9999 -9999 -9999 -9999 -9999 -9999 83983.8 2128558 374310.2 554489.4 1169933 1626243 1831940 816063.5 998336.3 1309221 5788907 1990183 1909931 5412094 5587934 1.662448e+07 2157798 2852305 5876440 7067583 3265574 1464313 1442871 607987.1 229587 260935.6 201491.8 245892.9 157777.5 207256.4 88186.04 127027.3 23088.36 63643.04 28024.15 4552.044 5196.678 939.2786 57242.34 64417.78 130028.2 248433.9 301440.7 246225.6 184974.1 91905.81 83655.39 627185.5
-9999 -9999 -9999 -9999 -9999 -9999 -9999 -9999 -9999 -9999 -9999 -9999 -9999 -9999 -9999 -9999 -9999 -9999 -9999 -9999 -9999 -9999 -9999 -9999 -9999 49221.53 171787 174411.1 313762.5 1449288 970615.6 4348856 2734851 902560.7 2385325 7384386 679115.3 5019.597 -9999 -9999 29396.63 3384722 6322249 1.284808e+07 1701163 674170 2400622 267105.6 94918.16 204025.7 158420.1 138226.7 116560.6 85339.06 47987.15 135283.3 219623.1 116684.5 22047.41 19915.24 15625.52 47837.75 37117.32 104506.8 208138.3 132331.7 179077.2 313255.3 476621.5 869585.3 577883.9 152371.7
-9999 -9999 -9999 -9999 -9999 -9999 -9999 -9999 -9999 -9999 -9999 -9999 -9999 -9999 -9999 -9999 -9999 -9999 -9999 -9999 -9999 -9999 -9999 -9999 -9999 -9999 1120.004 55522.08 402356.4 449940.8 672.5759 -9999 -9999 100367.2 810849.8 -9999 -9999 -9999 -9999 -9999 -9999 639275.2 3622745 7067639 2081758 3617437 264776.9 465790 155943.9 155325.2 179490.1 268045.9 142664 123833.4 1379704 390563.8 362699.5 284072.7 205222.7 86602.15 88234.31 51711.92 43094.3 95719.05 186556.2 189788.1 466198 507324.2 1262912 1658065 341530.4 172071.6
-9999 -9999 -9999 -9999 -9999 -9999 -9999 -9999 -9999 -9999 -9999 -9999 -9999 -9999 -9999 -9999 -9999 -9999 -9999 -9999 -9999 -9999 -9999 -9999 -9999 -9999 -9999 -9999 -9999 -9999 -9999 -9999 -9999 -9999 -9999 -9999 -9999 -9999 -9999 -9999 -9999 -9999 -9999 -9999 365765.8 1938248 316903 4751751 167324.8 91466.75 100439.3 109832.7 138465.3 222626.6 359273.5 999962.6 544092.9 358745.8 255484.3 118458 123299.7 141198.2 176094 203383 126278.3 330536.8 1708297 1923885 1155476 613998.7 386442.1 241799.3
-9999 -9999 -9999 -9999 -9999 -9999 -9999 -9999 -9999 -9999 -9999 -9999 -9999 -9999 -9999 -9999 -9999 -9999 -9999 -9999 -9999 -9999 -9999 -9999 -9999 -9999 -9999 -9999 -9999 -9999 -9999 -9999 -9999 -9999 -9999 -9999 -9999 -9999 -9999 -9999 -9999 -9999 -9999 -9999 -9999 72754.98 327283.6 326936.2 149428.1 112688.8 67161.69 62952.74 104596.4 211645.9 545687.3 611731.4 564837.6 562918.9 535812.3 222219.8 170728.5 206667.3 201787.3 416052.8 327719.3 427116.8 2947051 1261731 2128902 1216060 543239 329325.6
-9999 -9999 -9999 -9999 -9999 -9999 -9999 -9999 -9999 -9999 -9999 -9999 -9999 -9999 -9999 -9999 -9999 -9999 -9999 -9999 -9999 -9999 -9999 -9999 -9999 -9999 -9999 -9999 -9999 -9999 -9999 -9999 -9999 -9999 -9999 -9999 -9999 -9999 -9999 -9999 -9999 -9999 -9999 8502.036 -9999 268899.5 324143.5 302684.8 67667.19 25844.57 32913.02 26228.22 72659.46 208066 181509.2 282037.4 320394 393277.2 188709.2 172636.2 207175.7 161159.3 93750.73 209219.3 165210.6 709780.7 1917235 1506965 1094641 3118915 2824623 1211410
-9999 -9999 -9999 -9999 -9999 -9999 -9999 -9999 -9999 -9999 -9999 -9999 -9999 -9999 -9999 -9999 -9999 -9999 -9999 -9999 -9999 -9999 -9999 -9999 -9999 -9999 -9999 -9999 -9999 -9999 -9999 -9999 -9999 -9999 -9999 -9999 -9999 -9999 -9999 -9999 -9999 -9999 207885.8 -9999 -9999 1013728 37180.5 42597.54 29223.21 31556.59 75024.89 40675.86 47841.81 187351 264822.8 256949.6 209525.7 213940 204891.6 256432.6 501534.6 1020964 79738.51 96922.84 925530.3 3773382 2818483 2078688 7156653 4628732 8081554 3342436
-9999 -9999 -9999 -9999 -9999 -9999 -9999 -9999 -9999 -9999 -9999 -9999 -9999 -9999 -9999 -9999 -9999 -9999 -9999 -9999 -9999 -9999 -9999 -9999 -9999 -9999 -9999 -9999 -9999 -9999 -9999 -9999 -9999 -9999 -9999 -9999 -9999 -9999 -9999 -9999 -9999 -9999 52.51714 -9999 15157.08 258062.9 65735.25 29911.18 44573.84 59077.19 89735.66 51348.3 47980.68 171631.5 629990.7 214451.5 219867.7 226997.1 178230 196639.2 156251 111156.2 159972.2 149391.2 670853.1 1811261 2889972 2046332 129696.1 45848.75 5358887 3976441
-9999 -9999 -9999 -9999 -9999 -9999 -9999 -9999 -9999 -9999 -9999 -9999 -9999 -9999 -9999 -9999 -9999 -9999 -9999 -9999 -9999 -9999 -9999 -9999 -9999 -9999 -9999 -9999 -9999 -9999 -9999 -9999 -9999 -9999 -9999 -9999 -9999 -9999 -9999 -9999 -9999 5314.405 -9999 -9999 1297.244 65263.71 38758.99 52045.05 89698.66 562863.1 67026.05 37546.93 111856.8 267133.6 220189.1 153921.6 48459.43 74596.81 147505.9 144132.1 130966.1 115955.3 176785.5 246091.8 1701555 6083316 5026846 1446671 88265.41 839909.5 1863636 455082
-9999 -9999 -9999 -9999 -9999 -9999 -9999 -9999 -9999 -9999 -9999 -9999 -9999 -9999 -9999 -9999 -9999 -9999 -9999 -9999 -9999 -9999 -9999 -9999 -9999 -9999 -9999 -9999 -9999 -9999 -9999 -9999 -9999 -9999 -9999 -9999 -9999 -9999 -9999 -9999 -9999 -9999 -9999 -9999 -9999 5927.227 43297.64 72825.76 62786.98 150015.6 64165.95 33582.75 308649.7 152470.8 169585.1 140561.5 99468.46 85336.47 7556.998 1570.099 12892.54 346143.7 226975.8 225834.8 3611102 5883739 4270546 987102.6 2575075 1948557 613692.5 172284.8
-9999 -9999 0 3370.24 -9999 -9999 -9999 -9999 -9999 -9999 -9999 -9999 -9999 -9999 -9999 -9999 -9999 -9999 -9999 -9999 -9999 -9999 -9999 -9999 -9999 -9999 -9999 -9999 -9999 -9999 -9999 -9999 -9999 -9999 -9999 -9999 -9999 -9999 -9999 -9999 -9999 -9999 -9999 -9999 -9999 -9999 5379.496 56932.87 97596.55 122478 46330.84 10237.84 109011.1 363774.4 170949 151445.4 109700.3 126939.3 10271.07 -9999 18589.83 218345.8 449790.8 304221.3 949862.4 5295887 2357326 736667.3 1678728 1309632 497542 633255.3
-9999 -9999 -9999 -9999 -9999 -9999 -9999 -9999 -9999 -9999 -9999 -9999 -9999 -9999 -9999 -9999 -9999 -9999 -9999 -9999 -9999 -9999 -9999 -9999 -9999 -9999 -9999 -9999 -9999 -9999 -9999 -9999 -9999 -9999 -9999 -9999 -9999 -9999 -9999 -9999 -9999 -9999 -9999 -9999 -9999 -9999 -9999 416829.3 284073 359354.9 181979.3 9106285 339965.4 387626.4 853990.6 737258.6 547471 693944.6 596665 121276.6 17730.56 181532.7 573726.3 364704.4 547688.4 1673125 949739.4 218826.5 919866.6 844783.7 1046036 1206578
1777113 -9999 -9999 -9999 -9999 -9999 -9999 -9999 -9999 -9999 -9999 -9999 -9999 -9999 -9999 -9999 -9999 -9999 -9999 -9999 -9999 -9999 -9999 -9999 -9999 -9999 -9999 -9999 -9999 -9999 -9999 -9999 -9999 -9999 -9999 -9999 -9999 -9999 -9999 -9999 -9999 -9999 -9999 -9999 -9999 -9999 -9999 11.06612 1668736 1009356 569174.3 474354.8 353192.3 463597.7 1105084 651583.1 819323.7 1063121 2799184 654632.2 409597.3 401354.3 832909 595452.5 479088.2 270519.3 226999.4 280966.7 575693.3 253470.4 359197.4 447835.1
