data/gpw_v4_population_count_rev11_2020_1_deg.asc
ncols         360
nrows         180
xllcorner     -180
yllcorner     -90
cellsize      1
NODATA_value  -9999
[rows 32 to 63 of 180, columns 144 to 215 of 360]
-9999 -9999 -9999 -9999 -9999 -9999 -9999 -9999 -9999 -9999 -9999 -9999 -9999 -9999 -9999 -9999 -9999 -9999 -9999 -9999 -9999 -9999 -9999 -9999 -9999 -9999 -9999 22.39771 5607.061 10113.08 13551.55 143228.7 112111.6 464006.7 36357.6 -9999 -9999 -9999 -9999 -9999 -9999 -9999 4.615054 1381.132 9478.656 226875.5 147289 520440.9 676604.1 135428.4 245486.9 74840.39 74437.9 1057.812 55269.11 733.0698 -9999 63026.7 66851.14 42394.66 319544.9 141042 88846.88 77649.52 230633.8 39059.6 31493.28 43521.75 30126.98 57912.51 136021 83676.92
-9999 -9999 -9999 -9999 -9999 -9999 -9999 -9999 -9999 -9999 -9999 -9999 -9999 -9999 -9999 -9999 -9999 -9999 -9999 -9999 -9999 -9999 -9999 -9999 -9999 -9999 -9999 -9999 1076.755 3475.553 41021.71 54542.6 766640.4 322617.3 -9999 -9999 -9999 -9999 -9999 -9999 -9999 -9999 -9999 -9999 282221.1 497871.3 576093.4 1879.522 455977.6 185325.6 271190.5 141200.3 101735.6 -9999 595.8814 -9999 5053.125 198732.8 170355.6 374161.6 731711.4 148234.2 105229.4 124721.1 47720.43 38928.04 121994.4 31868.5 40853.2 30704.48 97948.51 423441
-9999 -9999 -9999 -9999 -9999 -9999 -9999 -9999 -9999 -9999 -9999 -9999 -9999 -9999 -9999 -9999 -9999 -9999 -9999 -9999 -9999 -9999 -9999 -9999 -9999 -9999 -9999 12986.78 133107.5 126874.8 22428.73 1933296 1245728 200780.3 513676.3 -9999 -9999 -9999 -9999 -9999 -9999 -9999 -9999 -9999 249918.8 618899.4 469574.5 482053.1 2226621 694146.7 84982.34 8554.694 -9999 -9999 -9999 -9999 2596.413 365392.3 158650.9 229190.7 241377.4 126315.5 224270.9 96153.19 213843.4 86785.7 422717.8 48667.74 74922.88 87884.83 94273.45 149752.9
-9999 -9999 -9999 -9999 -9999 -9999 -9999 -9999 -9999 -9999 -9999 -9999 -9999 -9999 -9999 -9999 -9999 -9999 -9999 -9999 -9999 -9999 -9999 -9999 -9999 2371.407 40466.9 134309.9 351623.8 874203.4 763243.6 116524.6 296515.9 438333 2341435 250120 -9999 -9999 -9999 -9999 -9999 -9999 -9999 1379.429 125090.5 769053.9 606268.6 173068.8 328650.9 235338.2 9914.411 134094.4 306570 350757.1 1401644 335691.7 741982.3 252100.5 237757.6 466844 280792.1 702554.4 205380.3 176113.2 414728.9 97844.59 219514.6 106140.6 358529 112233.5 85319.21 131896.6
-9999 -9999 -9999 -9999 -9999 -9999 -9999 -9999 -9999 -9999 -9999 -9999 -9999 -9999 -9999 -9999 -9999 -9999 -9999 -9999 -9999 -9999 -9999 -9999 -9999 7189.369 206339 271659.4 411294.2 2239622 5.249727 136632.2 1066566 6507965 5111623 1411071 107437.8 -9999 -9999 -9999 13864.87 347510.2 776785.8 704717.4 1532074 1852204 2210143 426834.1 257268.3 290694.1 854909.4 347277.3 369507.6 555412.3 1135932 507530.4 533425.1 363670.5 405622.6 858234.7 188874.6 298468.8 271844.5 2293560 166739 294340.4 473657.7 106744 98285.74 127161.3 602290.8 92966.88
-9999 -9999 -9999 -9999 -9999 -9999 -9999 -9999 -9999 -9999 -9999 -9999 -9999 -9999 -9999 -9999 -9999 -9999 -9999 -9999 -9999 -9999 -9999 -9999 -9999 9746.401 215300.5 448930.1 380814.8 346125.9 730.7504 128513.4 216878.7 2390951 5384835 2117561 1124480 1062760 -9999 -9999 4135733 2904082 1959146 1264668 1693780 1793357 1275847 636655.7 461433.3 4297878 411504.2 501435.2 1209698 831769.9 809732.2 747273.4 1797890 1925680 460006.9 581646.3 188827.9 168026.6 266271.8 226325.5 106098.9 244905.3 503672.4 380027.9 202095.3 135605.4 103959 196638.5
-9999 -9999 -9999 -9999 -9999 -9999 -9999 -9999 -9999 -9999 -9999 -9999 -9999 -9999 -9999 -9999 -9999 -9999 -9999 -9999 -9999 -9999 -9999 -9999 -9999 7429.005 59616.64 426622.9 18236.29 -9999 30031.62 440014.4 1956991 2430463 1699719 1.173633e+07 5185263 700801.4 366624.2 1314706 4948560 3574370 5333321 5352525 1577478 1175293 817609.4 962264.6 1446159 1128827 715571.1 750020.5 1191221 1073903 706578.8 1583191 681209.3 898364.9 1007738 317023.3 277738.3 257745.9 269251.4 144804.5 132493.5 101114.4 110900.1 481397.6 146752.5 343047.9 163677.6 203747.2
-9999 -9999 -9999 -9999 -9999 -9999 -9999 -9999 -9999 -9999 -9999 -9999 -9999 -9999 -9999 -9999 -9999 -9999 -9999 -9999 -9999 -9999 -9999 -9999 -9999 -9999 -9999 -9999 -9999 -9999 289283.6 633414.9 721929.3 432543.8 1784516 963543.8 481231.7 537297 1676879 3489331 4090425 2217059 2273849 2687627 3501433 959021.9 935918.4 1003633 1519598 1000166 2551894 1163361 1255236 763035.3 2353326 2524812 1230260 1080884 862229.5 543823.5 529696.8 618991.9 672281.9 330109.2 557666.1 280665.3 3628227 291624.5 243648.6 217886.7 504972.9 238940.3
-9999 -9999 -9999 -9999 -9999 -9999 -9999 -9999 -9999 -9999 -9999 -9999 -9999 -9999 -9999 -9999 -9999 -9999 -9999 -9999 -9999 -9999 -9999 -9999 -9999 -9999 -9999 -9999 -9999 2248.992 1667.548 -9999 -9999 174305.6 341009.5 515093.5 885034.4 1247453 1782618 676809.1 574914.5 660258.3 2097864 1499368 3856712 1528967 1220839 1531794 718018.6 693841.2 867019.8 633458.4 1209673 1126983 2023524 1353501 1261551 921750 547098.9 1135984 1036284 684261.9 485750.9 419724 835870.9 258265.2 515562.1 401558.7 459857.6 534336 505005.4 242747.5
-9999 -9999 -9999 -9999 -9999 -9999 -9999 -9999 -9999 -9999 -9999 -9999 -9999 -9999 -9999 -9999 -9999 -9999 -9999 -9999 -9999 -9999 -9999 -9999 -9999 -9999 -9999 -9999 -9999 -9999 798.6391 569215.8 397324.4 534338.6 1069029 492896.7 502810.7 1061353 1.131465e+07 478013.6 420856.5 292963.7 861166.2 1982252 2066099 3366379 1599197 3318850 1089542 840162.9 1112117 538702.6 2787539 1418932 881922.1 605224.7 754099.1 995060.9 841029.6 625918.9 831506.2 911765.9 669161 474296.1 395387.4 351175.9 386202.4 219953.5 407221.5 459984.2 911071.6 979785
-9999 -9999 -9999 -9999 -9999 -9999 -9999 -9999 -9999 -9999 -9999 -9999 -9999 -9999 -9999 -9999 -9999 -9999 -9999 -9999 -9999 -9999 -9999 -9999 -9999 -9999 -9999 -9999 -9999 -9999 -9999 126974.9 420914.9 766702.1 1388470 898889.1 899761 705327.6 476998.8 312900.8 228403.6 627746.5 891861.6 2500093 3452054 1826478 696573.8 921142.9 734446.9 627095.4 262537 802402.4 865828.4 662468 1249712 2615318 535625.9 1032765 598218.9 621394.7 402142.7 331739.4 859099.6 953685.7 1107571 500009.6 175947.8 236363.5 193769.9 704288 461892.9 973866.1
-9999 -9999 -9999 -9999 -9999 -9999 -9999 -9999 -9999 -9999 -9999 -9999 -9999 -9999 -9999 -9999 -9999 -9999 -9999 -9999 -9999 -9999 -9999 -9999 -9999 -9999 -9999 -9999 -9999 -9999 -9999 -9999 -9999 35986.04 784222.3 603655.5 495880.8 289487.4 259842.2 370315.4 774363.6 575087.6 2147841 1182927 461427 446236.3 212310.7 868044 352894.7 583634.7 1103990 1020003 700334.1 405514.8 664302 534900.3 585366.1 564980.3 237008.4 782510 664295.8 355175.4 731736.7 516677.7 821863.4 674628.3 1469850 185365.1 911331.1 317416.4 159125.9 247911
-9999 -9999 -9999 -9999 -9999 -9999 -9999 -9999 -9999 -9999 -9999 -9999 -9999 -9999 -9999 -9999 -9999 -9999 -9999 -9999 -9999 -9999 -9999 -9999 -9999 -9999 -9999 -9999 -9999 -9999 -9999 -9999 -9999 -9999 125076.5 610566.6 513481.8 589770.8 162140.5 741804.5 2835038 1739019 581130.4 2093503 2652142 6851416 2277608 2746107 2077250 828089.8 524118.8 999084.6 817781.1 367701.9 599063.6 912209.4 501823.7 722016.3 317027.6 430604.5 592698.8 932512 534643.4 744403.7 698738.1 184045.7 12856.73 -9999 18294.25 405643.3 369135.3 179682.5
-9999 -9999 -9999 -9999 -9999 -9999 -9999 -9999 -9999 -9999 -9999 -9999 -9999 -9999 -9999 -9999 -9999 -9999 -9999 -9999 -9999 -9999 -9999 -9999 -9999 -9999 -9999 -9999 -9999 -9999 -9999 -9999 -9999 -9999 161057.1 1311879 543113.9 400734 355314 173895.4 950802.8 290905.3 190552.2 932131.9 1513434 708072.6 1877173 1833161 901493.8 81536.75 32831.21 244368.4 291390.9 657177.2 902291.6 662082.9 2380162 375415.3 359343.5 666646.3 777455.9 1088810 1.043251e+07 7654453 590283.1 2484.911 -9999 -9999 -9999 501349.3 607799.3 24106.76
-9999 -9999 -9999 -9999 -9999 -9999 -9999 -9999 -9999 -9999 -9999 -9999 -9999 -9999 -9999 -9999 -9999 -9999 -9999 -9999 -9999 -9999 -9999 -9999 -9999 -9999 22734.78 751592.1 229377.9 132534.5 926716.5 191387.9 809829.1 1308533 837363.5 648039.4 422796 1754404 598278.6 1190366 1053369 2579247 919825.9 1129811 64346.8 591.8282 1479820 1750768 1080016 1041820 -9999 76542.8 453127.8 458210.3 565449.2 282103.4 640475.3 888711.9 275567.2 343331.8 453880.5 488670.4 457711.6 690632.4 152715.2 -9999 -9999 -9999 -9999 -9999 -9999 -9999
-9999 -9999 -9999 -9999 -9999 -9999 -9999 -9999 -9999 -9999 -9999 -9999 -9999 -9999 -9999 -9999 -9999 -9999 -9999 -9999 -9999 -9999 -9999 -9999 -9999 -9999 54225.65 1379597 374553.6 198304.9 346490.2 115999.1 287289.3 758450.6 677905.6 129227.2 105035.7 306729.2 819504.2 192503.4 -9999 -9999 3612.675 -9999 39883.06 168629.7 114269.8 357142.2 1256907 814267.8 719985.7 874.861 10954.82 37335.21 235909.8 518276.8 1310341 1456014 280990.4 1769449 783227.9 524353 333825.3 404135.8 3.487418 -9999 -9999 -9999 -9999 528.0119 8686.328 8863.518
-9999 -9999 -9999 -9999 -9999 -9999 -9999 -9999 -9999 -9999 -9999 -9999 -9999 -9999 -9999 -9999 -9999 -9999 -9999 -9999 -9999 -9999 -9999 -9999 -9999 -9999 -9999 2955086 373349 113838.3 195594.2 663449.3 108812 84824.7 426992.7 699220.5 526165.3 1954415 5458709 129964.1 -9999 -9999 -9999 -9999 121725.3 80738.47 -9999 4.884695 4046634 1027627 1233898 707059.8 1190778 46155.89 -9999 1507821 656890.6 824804.5 451158.3 385400.8 354811.4 435647.1 421134.8 928915.2 9312046 3255926 92907.23 522927.3 577130.5 234185.2 240609.6 357083.3
-9999 -9999 -9999 -9999 -9999 -9999 -9999 -9999 -9999 -9999 -9999 -9999 -9999 -9999 -9999 -9999 -9999 -9999 -9999 -9999 -9999 -9999 -9999 -9999 -9999 -9999 -9999 1126751 445338 137039.8 359335 596427.6 7647982 86372.4 115063.1 188696.7 386912.2 -9999 -9999 19279.41 6054.617 -9999 -9999 -9999 389580.5 271357.9 -9999 -9999 3391.271 76803.49 4282425 678984.8 588337.4 1175880 609895.4 477351.9 292106.6 324955 1396951 285227.2 137873.8 78976.56 358196.3 429182.1 1807452 6552930 1460939 584246.6 1563202 283338.7 381985.8 434893.1
-9999 -9999 -9999 -9999 5132.3 -9999 -9999 2739.964 1372.486 -9999 -9999 -9999 -9999 -9999 -9999 -9999 -9999 -9999 -9999 -9999 -9999 -9999 -9999 -9999 -9999 -9999 315628 809622.2 166151.2 288246.5 155522.8 362317.8 489393.5 227117.5 207706.6 2914617 18282.55 38698.58 840576.8 277734 73543.58 -9999 -9999 -9999 399078.3 548793.5 -9999 -9999 -9999 -9999 -9999 86602.96 714271.3 96341.68 155815.7 108671.9 316818.6 271910.2 486110.8 47675.21 1184.177 20395.16 462491.7 938905.7 364344.8 482498.2 958327.9 101911.8 3689991 841074.1 262955.3 256016.2
-9999 -9999 -9999 -9999 -9999 -9999 -9999 35006.86 55601.42 -9999 -9999 -9999 -9999 -9999 -9999 -9999 -9999 -9999 -9999 -9999 -9999 -9999 -9999 -9999 -9999 -9999 2667054 453589.5 251684.2 428448 158818.7 198098.3 403718.6 122352.6 702818.8 2322853 176377.6 144806.4 -9999 -9999 -9999 -9999 -9999 -9999 7776.325 164.0328 -9999 -9999 126474.2 1024946 152263.7 766590.2 625325.9 16336.53 -9999 -9999 96650.29 446066 285886.7 1836688 46577.16 3295.04 496064.5 4293288 712488.9 515344.8 526962.8 242127.2 546057.6 324056 634116.9 1473078
-9999 -9999 -9999 -9999 -9999 -9999 -9999 -9999 -9999 -9999 145807.2 -9999 -9999 -9999 -9999 -9999 -9999 -9999 -9999 -9999 -9999 -9999 -9999 -9999 -9999 -9999 -9999 387616.7 382261.2 1009921 1442842 961504.2 1049259 215038.2 964040.5 484340.8 -9999 -9999 -9999 -9999 -9999 -9999 60134.11 12148.62 5529.989 456219 126582.2 5661.075 313569.1 679694.1 855298.3 1109307 4069.518 -9999 -9999 -9999 37481.19 215382.1 355274.9 2167263 75792.19 50724.84 56113.04 964367.9 651985.6 901085.6 1029584 238885.5 922797.3 373486.9 605972.5 812588.6
-9999 -9999 -9999 -9999 -9999 -9999 -9999 -9999 -9999 -9999 5493.592 -9999 -9999 -9999 -9999 -9999 -9999 -9999 -9999 -9999 -9999 -9999 -9999 -9999 -9999 -9999 -9999 0 1183.35 795922.3 864840.7 1596284 263662.1 601762.8 6538.527 -9999 610612.5 1518017 3457632 6004501 2240849 2382762 3100834 2320967 877962.5 788313.4 3719185 73015.26 1470.158 -9999 347549.1 87047.05 -9999 -9999 -9999 -9999 -9999 19233.13 56684.26 10873.26 9104.085 23807.84 10449.97 86990.13 286539.9 374489 991808.3 152117.3 358295.2 221272.9 882710.8 1398114
-9999 -9999 -9999 -9999 -9999 -9999 -9999 -9999 -9999 -9999 -9999 -9999 -9999 -9999 -9999 -9999 -9999 -9999 -9999 -9999 -9999 -9999 -9999 -9999 -9999 -9999 -9999 -9999 -9999 243506.1 2618586 203414.9 374453.2 541705.4 625134.1 3086734 2021721 1530659 603467.7 516761 905735.6 1306773 1179927 911742.3 782061.3 655252.6 2030908 98444.09 6468.519 -9999 409336.3 -9999 -9999 -9999 -9999 -9999 -9999 -9999 -9999 54708.79 234940.3 334735.7 19312.12 7061.808 -9999 -9999 -9999 -9999 52252.15 657869.4 65039.42 1033198
-9999 -9999 -9999 -9999 -9999 -9999 -9999 -9999 -9999 -9999 -9999 -9999 -9999 -9999 -9999 -9999 -9999 -9999 -9999 -9999 -9999 -9999 -9999 -9999 -9999 -9999 -9999 -9999 -9999 2273946 2058518 1653826 443955.7 671044.5 1375679 278910.6 352347.1 155664 477284.3 1019513 295884.4 731874.6 155966.8 157141.3 428147.7 423394.9 859002.7 15587.92 -9999 -9999 -9999 -9999 -9999 -9999 -9999 -9999 -9999 -9999 -9999 3.335529 2733.901 4685.853 46.67662 -9999 -9999 -9999 -9999 -9999 216004.5 370042.7 3839.668 1542533
-9999 -9999 -9999 -9999 -9999 -9999 -9999 -9999 -9999 -9999 -9999 -9999 -9999 -9999 -9999 -9999 -9999 -9999 -9999 5001.617 -9999 -9999 -9999 -9999 -9999 -9999 -9999 625664.3 5755464 1813074 1689877 548938.4 151157.1 30582.25 58395.17 149194.1 84092.78 93973.76 268148.9 141048 84779.28 308728.6 630899.5 134321.2 107769.4 198070.3 652311.9 86350.21 -9999 -9999 -9999 -9999 -9999 -9999 -9999 -9999 -9999 -9999 -9999 -9999 -9999 -9999 -9999 -9999 -9999 -9999 -9999 -9999 -9999 -9999 -9999 8391527
-9999 -9999 -9999 -9999 -9999 -9999 -9999 -9999 -9999 -9999 -9999 -9999 -9999 -9999 -9999 -9999 -9999 -9999 41690.19 222012.1 -9999 -9999 -9999 -9999 -9999 -9999 534019 1090899 978118.2 1711113 435184.9 224386.8 58678.96 19676.25 61924.96 114616.4 64259.12 36461.44 33543.33 228327.9 227598.2 110273 118275.4 10786.14 11149.98 25978.89 99501.74 281040.4 679428.3 2055070 244718.1 29981.35 -9999 -9999 -9999 276.8068 211215.9 230867.2 80706.91 13559.43 178.8366 -9999 -9999 -9999 -9999 -9999 -9999 -9999 -9999 -9999 3100895 6422693
-9999 -9999 -9999 -9999 -9999 -9999 -9999 -9999 -9999 -9999 -9999 -9999 -9999 -9999 -9999 -9999 -9999 -9999 -9999 -9999 -9999 -9999 -9999 -9999 -9999 -9999 539032.6 1016792 1997417 445648.2 294033 328223.3 35993.02 119734.9 128991.4 6963.679 5555.141 54236.75 24067.21 18067.69 77761.49 80136.05 5366.602 1259.859 1259.859 3777.789 15453.49 26498.91 51070.32 150103.7 239299.2 88665.06 5309.59 1189.479 -9999 16409.77 551867.4 300176.8 95790.9 29938.28 26619.64 30012.92 119419.3 181482 10002.9 3181664 7246110 7193407 1009945 212946.4 4391590 5302416
-9999 -9999 -9999 -9999 -9999 -9999 -9999 -9999 -9999 -9999 -9999 -9999 -9999 -9999 -9999 -9999 -9999 -9999 -9999 0 0 -9999 -9999 -9999 -9999 -9999 1968676 528522.8 161330.4 249205.2 199394.2 7716.159 7718.768 18134.61 9242.396 8303.971 8153.44 14473.63 16624.3 16275.52 8668.875 7898.239 6859.281 1462.546 1588.108 5600.025 17346.98 20819.91 51608.73 67310.47 103906 24553.4 24553.4 23675.27 12599.38 4952.204 11669.74 11863.15 19648.93 25229.53 22794.38 25.89289 0 5274.842 27893.27 764547.6 6979149 3.088749e+07 1770722 55163.97 73486.43 290516.3
-9999 -9999 -9999 -9999 -9999 -9999 -9999 -9999 -9999 -9999 -9999 -9999 -9999 -9999 -9999 -9999 -9999 -9999 -9999 -9999 -9999 -9999 50770.82 -9999 -9999 124233.7 369039.3 60684.8 38511.96 10640.17 8490.665 978.8637 1058.306 9617.388 9956.112 35077.02 27423.24 28814.06 9377.8 8627.827 7524.957 4040.948 1421.59 1432.366 1962.693 6906.004 19051.48 20889.43 52131.43 52131.43 33743.52 14281.7 16566.15 19904.1 20159.27 11983.12 11983.3 11983.3 11983.3 25281.92 23645.81 17680.23 15384.06 0 0 0 3922554 7710562 367563.1 22994.44 31347.98 193893.8
-9999 -9999 -9999 -9999 -9999 -9999 -9999 -9999 -9999 -9999 -9999 -9999 -9999 -9999 -9999 -9999 -9999 255.0494 127035 1061948 664626.8 54055.36 184653.8 232.1739 94928.3 63705.56 23975.19 11675.74 2133.566 781.5585 781.5585 851.7255 1027.902 4354.308 14574.85 68896.14 24353.74 12944.53 9215.843 6704.123 2232.881 1568.047 1332.958 1332.958 2384.545 6331.364 11445.63 10949.08 11702.98 11613.53 9682.967 6640.667 5989.697 6297.579 11815.88 11718.44 12099.8 12095.04 12099.8 23756 24802.91 0 241.0007 0 39624.68 7740.195 4603530 81779 24806.21 36174.79 86999.59 113284.8
-9999 -9999 -9999 -9999 -9999 -9999 -9999 -9999 -9999 -9999 -9999 -9999 -9999 -9999 -9999 -9999 -9999 5563.057 7394.39 322.5002 351059.6 -9999 234895 12558.84 1843.774 834.6152 449.4198 8540.975 13207.46 12220.41 4010.962 788.8454 1164.249 23808.1 25739.9 88343.63 18657.27 15744.73 8218.387 1917.101 1682.022 1525.4 1604.168 3029.486 4608.095 6886.956 7791.455 10062.5 11451.4 15062.26 37436.84 71644.07 11099.18 6045.542 6045.542 11030.68 12003.86 12076.23 12093.11 11985.67 11797.9 0 0 10882.16 5589.785 0 3499026 2388477 4418.883 194851.2 39896.75 29096.61
-9999 -9999 -9999 -9999 -9999 -9999 -9999 -9999 -9999 -9999 -9999 -9999 -9999 -9999 -9999 -9999 -9999 -9999 -9999 -9999 -9999 41627.76 19472.54 908.8516 45267.88 77.03033 64.13492 520.527 5595.169 12798.73 14094.4 11121.45 4711.733 9360.929 8790.613 5767.155 26566.41 31213.09 8379.759 7051.979 1269.906 1308.217 2581.728 4730.467 4730.467 5183.661 6254.991 14804.56 29236.99 29898.53 52059.65 13149.91 4666.735 5778.915 5613.588 2311.639 1557.595 1557.595 1557.595 1557.595 1557.592 0 0 17260.7 0 0 0 5163467 1979227 78870.09 11567.35 153.5927
